analysis10
t	x	y
0.0	1.2804744852282915E-5	2.642972247090422E-6
0.1	1.2884541619772856E-5	2.8283440508830293E-6
0.2	1.298261996394767E-5	2.7393485859841055E-6
0.30000000000000004	1.3076974507072729E-5	2.6800674240888694E-6
0.4	1.3106619164715233E-5	2.7191639619279366E-6
0.5	1.30246028071671E-5	2.744132165244846E-6
0.6000000000000001	1.2855949786223721E-5	2.731247436018565E-6
0.7000000000000001	1.2865396623706297E-5	2.7326128274941784E-6
0.8	1.2726539412255666E-5	3.003044423450461E-6
0.9	1.2679818883935614E-5	3.0841240872900237E-6
1.0	1.2838836670766904E-5	3.08422796375031E-6
1.1	1.2838656357883478E-5	2.880147697151265E-6
1.2000000000000002	1.2892427927233238E-5	2.822596993956363E-6
1.3	1.2964319339672564E-5	2.6632258607928283E-6
1.4000000000000001	1.293441160778679E-5	2.468625193811869E-6
1.5	1.2821519350296131E-5	2.215038488403794E-6
1.6	1.3068982151568967E-5	1.962273597233003E-6
1.7000000000000002	1.3234741341983111E-5	1.9893617553153574E-6
1.8	1.3468006589094993E-5	1.928493904768171E-6
1.9000000000000001	1.3488314468137813E-5	1.9267153375126148E-6
2.0	1.3485612153915242E-5	1.9215955050249956E-6
2.1	1.3854024044047603E-5	2.0256611545766993E-6
2.2	1.3918541303931811E-5	2.021675428499995E-6
2.3000000000000003	1.3735796885148041E-5	1.988048029712513E-6
2.4000000000000004	1.3771206204553433E-5	1.989165517172292E-6
2.5	1.361203280129047E-5	1.9249868422198496E-6
2.6	1.353889626304622E-5	1.9068512236698846E-6
2.7	1.3517893016143576E-5	1.9267110582244347E-6
2.8000000000000003	1.3521279085731652E-5	1.923984004702517E-6
2.9000000000000004	1.37845424926533E-5	1.777399999547211E-6
3.0	1.3968632589854915E-5	1.6948903503657349E-6
3.1	1.3900072760895628E-5	1.9715882097321683E-6
3.2	1.3797077846528367E-5	1.9291698278958204E-6
3.3000000000000003	1.375310586637631E-5	1.822898719600859E-6
3.4000000000000004	1.3834876518476551E-5	2.214249155185283E-6
3.5	1.4008093723011738E-5	2.216325857525547E-6
3.6	1.411375397035748E-5	2.2337079219312167E-6
3.7	1.4208177819417201E-5	2.2620175020857857E-6
3.8000000000000003	1.4305574097787883E-5	2.2479355672547647E-6
3.9000000000000004	1.4321752090589297E-5	2.306780724861836E-6
4.0	1.4251008655074307E-5	2.2743883573659045E-6
4.1000000000000005	1.4138163023656809E-5	2.129659909925654E-6
4.2	1.4285916911425885E-5	2.2948013103812948E-6
4.3	1.4202985721943479E-5	2.2818408417371467E-6
4.4	1.3924298052592356E-5	2.5523765869227906E-6
4.5	1.4008454302454616E-5	2.7219877215207772E-6
4.6000000000000005	1.4056593299792395E-5	2.803541397163456E-6
4.7	1.4096539520855233E-5	2.8170078246311512E-6
4.800000000000001	1.4054470470842363E-5	2.88879941051985E-6
4.9	1.3920038213568502E-5	2.8502348344103622E-6
5.0	1.3910891011195903E-5	3.0500587698285486E-6
5.1000000000000005	1.3937756674451828E-5	3.04972177818988E-6
5.2	1.4086163115506481E-5	2.9501397910699827E-6
5.300000000000001	1.4248642690069786E-5	2.848789777029088E-6
5.4	1.4551026584635606E-5	2.746355047574688E-6
5.5	1.4575834164037353E-5	2.5296460894821694E-6
5.6000000000000005	1.473263126980098E-5	2.414277398672003E-6
5.7	1.4609107484881722E-5	2.3967023768086264E-6
5.800000000000001	1.4555759796634624E-5	2.413601510221381E-6
5.9	1.4565372370752472E-5	2.4039239358320922E-6
6.0	1.4668633579905258E-5	2.413765746782713E-6
6.1000000000000005	1.4660875576193267E-5	2.2718539481536438E-6
6.2	1.4439111028076478E-5	1.9468620258931697E-6
6.300000000000001	1.4466920242090341E-5	1.8617414290386287E-6
6.4	1.4249618524450033E-5	1.9163683691597266E-6
6.5	1.3948025119199983E-5	1.921487347791338E-6
6.6000000000000005	1.4067963287869013E-5	1.7520340537920055E-6
6.7	1.4136335732284057E-5	1.8806593421477562E-6
6.800000000000001	1.394294576441738E-5	1.8288201744238636E-6
6.9	1.3962259062075787E-5	1.949194372482781E-6
7.0	1.4245526241125461E-5	1.9547016775471902E-6
7.1000000000000005	1.4295734081152633E-5	2.077828677452586E-6
7.2	1.4392320111443192E-5	2.052770817797598E-6
7.300000000000001	1.4460891306794816E-5	2.183299061733388E-6
7.4	1.4382655376142623E-5	2.142704624611555E-6
7.5	1.4284493573748917E-5	2.147568410404253E-6
7.6000000000000005	1.409080847356481E-5	2.0013300004760048E-6
7.7	1.4076958238883457E-5	1.8879263318916835E-6
7.800000000000001	1.4173842002706885E-5	2.0776687556749157E-6
7.9	1.4125619818910787E-5	2.165638471270093E-6
8.0	1.4180847234277977E-5	2.212695253815828E-6
8.1	1.4235952402189139E-5	2.0439028154257854E-6
8.200000000000001	1.4172851147212999E-5	2.0621388663989384E-6
8.3	1.4241861748741242E-5	2.065005940173925E-6
8.4	1.419933424575712E-5	2.1531371304184686E-6
8.5	1.4228925811185934E-5	2.238102015641731E-6
8.6	1.4511755406092846E-5	2.3900676620979932E-6
8.700000000000001	1.4555462386559988E-5	2.4279801827489302E-6
8.8	1.4623912820509256E-5	2.5413827188722543E-6
8.9	1.4876255496679706E-5	2.4784956006929197E-6
9.0	1.4772611970159308E-5	2.312660525066501E-6
9.1	1.4742460318357652E-5	2.4850041883756027E-6
9.200000000000001	1.4658378215442181E-5	2.638624860159157E-6
9.3	1.447044388713781E-5	2.6614612568506607E-6
9.4	1.4144188383365133E-5	2.465895727265405E-6
9.5	1.4253246731777804E-5	2.4130521308168265E-6
9.600000000000001	1.4126659802853324E-5	2.3821513822090196E-6
9.700000000000001	1.4024235187757575E-5	2.3337215286955483E-6
9.8	1.399805020097197E-5	2.385487089866171E-6
9.9	1.4156941837667174E-5	2.345748009505412E-6
10.0	1.4100181882287759E-5	2.4848326233222026E-6
10.100000000000001	1.40811862237781E-5	2.3892834236766995E-6
10.200000000000001	1.3974472569831925E-5	2.489405222896358E-6
10.3	1.3867155013846087E-5	2.4847804278308078E-6
10.4	1.390173250341532E-5	2.3143887907701795E-6
10.5	1.3947465476643443E-5	2.2258191780629615E-6
10.600000000000001	1.3886277052890607E-5	2.2358646531637125E-6
10.700000000000001	1.3814345668682168E-5	2.2846453715224995E-6
10.8	1.3649870808853538E-5	2.4837855384602884E-6
10.9	1.3568731870629926E-5	2.5026269194591464E-6
11.0	1.3633432083158122E-5	2.6421219812036103E-6
11.100000000000001	1.3521882176481789E-5	2.6655914493426326E-6
11.200000000000001	1.3596745524876801E-5	2.563825418615757E-6
11.3	1.3708986296663724E-5	2.5307247292764093E-6
11.4	1.37721862884413E-5	2.505921155563618E-6
11.5	1.4025678925376654E-5	2.4804201442034584E-6
11.600000000000001	1.40434188771433E-5	2.389019997377764E-6
11.700000000000001	1.3968316241776105E-5	2.365932395497157E-6
11.8	1.3991239053722003E-5	2.455784936695536E-6
11.9	1.412223994847851E-5	2.5709350801389714E-6
12.0	1.420489843566617E-5	2.5724794306543716E-6
12.100000000000001	1.4190886969478738E-5	2.6033616313083155E-6
12.200000000000001	1.434178624277533E-5	2.725271153874424E-6
12.3	1.4350444928401112E-5	2.906236725340416E-6
12.4	1.4386298827236997E-5	3.0879668293447193E-6
12.5	1.4392628463933449E-5	3.101824521101344E-6
12.600000000000001	1.4550893412781609E-5	3.0600497553242413E-6
12.700000000000001	1.4633410599984697E-5	2.9038808792841906E-6
12.8	1.4571862222270883E-5	2.8632861016264152E-6
12.9	1.477921474023318E-5	2.979856871374341E-6
13.0	1.4834842794416776E-5	3.1278024595400187E-6
13.100000000000001	1.481472966422788E-5	3.314404450145937E-6
13.200000000000001	1.470815150769877E-5	3.324654551707815E-6
13.3	1.4940176485167317E-5	3.4386262373898526E-6
13.4	1.5092615616290675E-5	3.349632721256971E-6
13.5	1.5331635140535698E-5	3.1909165521005514E-6
13.600000000000001	1.5346069847655883E-5	3.1649146318247037E-6
13.700000000000001	1.5623894554701143E-5	3.235568790186414E-6
13.8	1.5818245663742485E-5	3.3279622012192686E-6
13.9	1.5627944359555756E-5	3.5225880358229915E-6
14.0	1.551022297500198E-5	3.377681717392594E-6
14.100000000000001	1.5814507346110024E-5	3.270290659299093E-6
14.200000000000001	1.5892586204650024E-5	3.260662959685846E-6
14.3	1.609088220550265E-5	3.5746642291438893E-6
14.4	1.628000727273161E-5	3.450768104496205E-6
14.5	1.6446725503681828E-5	3.387569999909858E-6
14.600000000000001	1.6353902566711064E-5	3.376852633477615E-6
14.700000000000001	1.6472238929252713E-5	3.21322965821029E-6
14.8	1.6442969613163444E-5	3.281204144647531E-6
14.9	1.6535140392820596E-5	3.493252721006457E-6
15.0	1.6534111039917876E-5	3.715485701993572E-6
15.100000000000001	1.6501588835068226E-5	3.817574757714249E-6
15.200000000000001	1.6576141279330355E-5	3.952339407487022E-6
15.3	1.6871545583476707E-5	3.814881491862089E-6
15.4	1.684890367248752E-5	3.806359037214524E-6
15.5	1.6701754113550795E-5	3.8659122901646675E-6
15.600000000000001	1.681404621892851E-5	3.9585820295227816E-6
15.700000000000001	1.657673450436827E-5	4.127571708715569E-6
15.8	1.647457056581709E-5	4.110730741817869E-6
15.9	1.640267636987219E-5	3.912664971051289E-6
16.0	1.6438060143575417E-5	3.790923643000692E-6
16.1	1.6422224240084264E-5	3.710268582830594E-6
16.2	1.6669851919105626E-5	3.6641303631519386E-6
16.3	1.6623955503092277E-5	3.778827514901485E-6
16.400000000000002	1.6683191000707698E-5	3.7802129886545294E-6
16.5	1.6558709780841103E-5	3.596994668295341E-6
16.6	1.6435845306119265E-5	3.5221112123609734E-6
16.7	1.646139048576016E-5	3.530259915510618E-6
16.8	1.6557542270485484E-5	3.3531280732845724E-6
16.900000000000002	1.6437379676513664E-5	3.5339708355619375E-6
17.0	1.6560925673794673E-5	3.622434376667902E-6
17.1	1.6775572681214368E-5	3.5308569248527576E-6
17.2	1.6870832622163347E-5	3.437227700885522E-6
17.3	1.6870568169661512E-5	3.4084930322503836E-6
17.400000000000002	1.691625766098894E-5	3.3645650110578415E-6
17.5	1.689178715722197E-5	3.3789681510805727E-6
17.6	1.6846840580460686E-5	3.596360841263991E-6
17.7	1.688203784002707E-5	3.567500419642839E-6
17.8	1.7015052867636063E-5	3.5931718533700094E-6
17.900000000000002	1.701532060639225E-5	3.4637491359706375E-6
18.0	1.683682487447134E-5	3.523511260590626E-6
18.1	1.684592625179841E-5	3.692213200670356E-6
18.2	1.6809335119055804E-5	3.7646800750466617E-6
18.3	1.6901743637228326E-5	3.6927362649517174E-6
18.400000000000002	1.685732097943939E-5	3.701882190323221E-6
18.5	1.695136694961129E-5	3.833179523128211E-6
18.6	1.6948260370661962E-5	4.0530053147143025E-6
18.7	1.6877957912490236E-5	3.929544326317177E-6
18.8	1.682701884221176E-5	3.881011941844339E-6
18.900000000000002	1.6960875078655317E-5	4.2075520243409E-6
19.0	1.6901904168063587E-5	4.317061420421798E-6
19.1	1.691286564898937E-5	4.213055325813695E-6
19.200000000000003	1.6973882062819488E-5	3.963186916064128E-6
19.3	1.7078056636455903E-5	3.939136641801505E-6
19.400000000000002	1.7068746419887046E-5	3.914754801707648E-6
19.5	1.7090538810282782E-5	3.864994515588455E-6
19.6	1.7156123267471313E-5	3.935448637133796E-6
19.700000000000003	1.7118235603810463E-5	3.927391484214229E-6
19.8	1.7205928383680637E-5	3.6626435381766865E-6
19.900000000000002	1.744444079628736E-5	3.653186427110237E-6
20.0	1.7531350759874547E-5	3.550063866626358E-6
20.1	1.7654923672967083E-5	3.6361924882712706E-6
20.200000000000003	1.7622991090376694E-5	3.7474397928110995E-6
20.3	1.7770934506405135E-5	3.901274824092041E-6
20.400000000000002	1.8018231484981305E-5	3.7689708507424656E-6
20.5	1.8144891299717538E-5	3.6810420337992496E-6
20.6	1.8264161099926978E-5	3.7700676099517858E-6
20.700000000000003	1.8459381185970898E-5	3.7857752354157774E-6
20.8	1.8383550092194062E-5	3.964287213643515E-6
20.900000000000002	1.8599455725116392E-5	4.016856016446627E-6
21.0	1.858577376391694E-5	4.0987881065137385E-6
21.1	1.8649108495529703E-5	3.937588916068533E-6
21.200000000000003	1.8592261302996318E-5	3.975828489311953E-6
21.3	1.8612391084194167E-5	3.909658152281094E-6
21.400000000000002	1.84922774548503E-5	3.663819861816412E-6
21.5	1.8368545590673955E-5	3.6542692397919765E-6
21.6	1.8249134814393435E-5	3.877897584082733E-6
21.700000000000003	1.8147221899332514E-5	3.8632895443130965E-6
21.8	1.8313674157132407E-5	3.87500152046044E-6
21.900000000000002	1.8326488945583024E-5	4.159112077751921E-6
22.0	1.8187935084845757E-5	4.257229179690552E-6
22.1	1.8284892445127093E-5	4.288168171220436E-6
22.200000000000003	1.821615933866473E-5	4.368098416879663E-6
22.3	1.8315414346318815E-5	4.419026431515928E-6
22.400000000000002	1.8203897257802604E-5	4.366659970442003E-6
22.5	1.8076952469438736E-5	4.688965851050112E-6
22.6	1.8076822096852556E-5	4.589211956565248E-6
22.700000000000003	1.817485777853305E-5	4.3818196346169364E-6
22.8	1.8157953592715787E-5	4.2447090398795155E-6
22.900000000000002	1.812280898749936E-5	3.992751868044937E-6
23.0	1.80789097909809E-5	3.920441596947777E-6
23.1	1.7902939282356665E-5	3.924965051845235E-6
23.200000000000003	1.78767940149109E-5	3.92909933972585E-6
23.3	1.811502920328096E-5	3.883485299972385E-6
23.400000000000002	1.7992071756112946E-5	3.983199705863621E-6
23.5	1.7878522787400535E-5	3.9851005570882706E-6
23.6	1.774958568758748E-5	4.1420922267593465E-6
23.700000000000003	1.7731272434975563E-5	4.232673991305867E-6
23.8	1.775263575533656E-5	4.262128399452357E-6
23.900000000000002	1.7965268541132644E-5	4.476303857108595E-6
24.0	1.8094549007379332E-5	4.660373636015051E-6
24.1	1.8203052052623498E-5	4.643415395229308E-6
24.200000000000003	1.819849632214845E-5	4.609067959810183E-6
24.3	1.8260138030273495E-5	4.687341980701872E-6
24.400000000000002	1.8015767607495127E-5	4.679836886682093E-6
24.5	1.781444936126291E-5	4.686831920960443E-6
24.6	1.7639947825776875E-5	4.99617046510326E-6
24.700000000000003	1.7223591113672653E-5	5.178663728226914E-6
24.8	1.710498948970292E-5	5.11290043758297E-6
24.900000000000002	1.729845370611033E-5	4.948776820882953E-6
25.0	1.733626883538868E-5	4.70285495772371E-6
25.1	1.734379283689859E-5	4.820354463712066E-6
25.200000000000003	1.737080455439425E-5	4.785985444998158E-6
25.3	1.722817294588391E-5	4.750254932330732E-6
25.400000000000002	1.733142697337392E-5	4.80058475232605E-6
25.5	1.7400542917758496E-5	4.99790481631879E-6
25.6	1.7525304820904092E-5	5.018955704070575E-6
25.700000000000003	1.772111589009269E-5	4.937467137857778E-6
25.8	1.7834171953731248E-5	5.013351027148864E-6
25.900000000000002	1.8095504781201805E-5	5.158693276114936E-6
26.0	1.8333817895389154E-5	5.045776681167555E-6
26.1	1.845786973702943E-5	5.0931505393993464E-6
26.200000000000003	1.829291185538099E-5	5.020472105182841E-6
26.3	1.8182574960605137E-5	4.8986839491786675E-6
26.400000000000002	1.815982891429346E-5	5.0677552390330325E-6
26.5	1.8144636801757723E-5	5.173364209409403E-6
26.6	1.8155156265414703E-5	5.067403460643537E-6
26.700000000000003	1.8386763984152034E-5	4.902548188970632E-6
26.8	1.85520337544813E-5	4.855930417469242E-6
26.900000000000002	1.8676417535320143E-5	4.792279759233877E-6
27.0	1.892525352047626E-5	4.7430001242123895E-6
27.1	1.869514081355729E-5	4.8150704298274166E-6
27.200000000000003	1.8717372240509552E-5	4.68471144615969E-6
27.3	1.884273646937155E-5	4.672097835459798E-6
27.400000000000002	1.910667064045756E-5	4.70830608353569E-6
27.5	1.914141783882738E-5	4.390450791290544E-6
27.6	1.9154827170242484E-5	4.497420857902521E-6
27.700000000000003	1.919995701245358E-5	4.341478530608495E-6
27.8	1.9174967317916363E-5	4.268490086240952E-6
27.900000000000002	1.910028201631601E-5	4.139896410114271E-6
28.0	1.9146255810049043E-5	4.156398142788516E-6
28.1	1.9171909196949102E-5	4.193648007738447E-6
28.200000000000003	1.9206358138456952E-5	4.066559960415582E-6
28.3	1.9333811138468797E-5	3.961751161618392E-6
28.400000000000002	1.940865927209258E-5	3.856761492738551E-6
28.5	1.9497475223819192E-5	4.204066259667145E-6
28.6	1.9264669077425622E-5	4.232343509486521E-6
28.700000000000003	1.9174021823413468E-5	4.152109890397268E-6
28.8	1.9118978439522507E-5	4.0535181930895564E-6
28.900000000000002	1.891743459073728E-5	3.949029897817944E-6
29.0	1.8959760123915965E-5	3.967611309428894E-6
29.1	1.9008873427051054E-5	4.101566175981996E-6
29.200000000000003	1.8840788622972117E-5	4.209234659022685E-6
29.3	1.8707939368835114E-5	4.165530968631067E-6
29.400000000000002	1.877106972586362E-5	3.907529240475387E-6
29.5	1.878373638964914E-5	3.7478684285897513E-6
29.6	1.8805951992724297E-5	3.505400766331753E-6
29.700000000000003	1.8857895078993982E-5	3.2693306502448605E-6
29.8	1.893011266434061E-5	3.1734341249186696E-6
29.900000000000002	1.8831826774140466E-5	3.2100414398332117E-6
30.0	1.8931543174982463E-5	3.2006419572510055E-6
30.1	1.8942400019658967E-5	3.3540946639174506E-6
30.200000000000003	1.8814015600438652E-5	2.961731419478214E-6
30.3	1.882028266289225E-5	2.738916819498568E-6
30.400000000000002	1.8989403781561495E-5	2.480204223935658E-6
30.5	1.9080858700480636E-5	2.391439282788372E-6
