analysis9
t	x	y
0.0	-1.1265746897142937E-5	-7.832688909198407E-6
0.1	-1.1266404985075779E-5	-7.435076337300805E-6
0.2	-1.1299966560851506E-5	-7.3057123895559E-6
0.30000000000000004	-1.1446949850351468E-5	-7.326140760255161E-6
0.4	-1.1705866733215639E-5	-7.461483990636673E-6
0.5	-1.1686004377631215E-5	-7.504819985174983E-6
0.6000000000000001	-1.1464555364404506E-5	-7.492883253152409E-6
0.7000000000000001	-1.1224076657475736E-5	-7.5507483859162136E-6
0.8	-1.1191228988894519E-5	-7.460865287125778E-6
0.9	-1.0999086352225955E-5	-7.524866885328804E-6
1.0	-1.0846124414603481E-5	-7.513558774494767E-6
1.1	-1.0712337052745125E-5	-7.300164485806758E-6
1.2000000000000002	-1.0748379563126236E-5	-7.210570692480503E-6
1.3	-1.0938589523672232E-5	-6.946202341173924E-6
1.4000000000000001	-1.1172442223950304E-5	-6.9325271290951554E-6
1.5	-1.120961435873492E-5	-7.02109993578694E-6
1.6	-1.093376131324614E-5	-7.125267933412033E-6
1.7000000000000002	-1.0718849976873757E-5	-7.200268442169595E-6
1.8	-1.0642875959828345E-5	-6.969905776133982E-6
1.9000000000000001	-1.0772901360009585E-5	-6.98985020408204E-6
2.0	-1.0895761589957768E-5	-7.031874638020593E-6
2.1	-1.0968416563913843E-5	-7.244062223456646E-6
2.2	-1.0989753433749986E-5	-7.241989492704204E-6
2.3000000000000003	-1.0982246157978228E-5	-7.178874174180856E-6
2.4000000000000004	-1.1063261083923299E-5	-7.338377300528084E-6
2.5	-1.1150809912754233E-5	-7.342682624782687E-6
2.6	-1.150954090550754E-5	-7.475659426209057E-6
2.7	-1.1690124780398164E-5	-7.545626994017249E-6
2.8000000000000003	-1.1648372524028539E-5	-7.572603170455729E-6
2.9000000000000004	-1.1554169799853816E-5	-7.787830105577428E-6
3.0	-1.1444274021983755E-5	-7.908739943173173E-6
3.1	-1.1412722068613003E-5	-7.977943236540911E-6
3.2	-1.133033584056902E-5	-7.830002994956304E-6
3.3000000000000003	-1.131663918963995E-5	-7.647487246396716E-6
3.4000000000000004	-1.1547973376536724E-5	-7.554154606175209E-6
3.5	-1.1566910449302508E-5	-7.577081164201965E-6
3.6	-1.1590796724878809E-5	-7.637638857045168E-6
3.7	-1.1506447618197988E-5	-7.65445774638434E-6
3.8000000000000003	-1.1225500012684348E-5	-7.5291818110249706E-6
3.9000000000000004	-1.1127327828661113E-5	-7.448489616236003E-6
4.0	-1.1078796730181332E-5	-7.648999439793707E-6
4.1000000000000005	-1.103608127794704E-5	-7.766456385495388E-6
4.2	-1.1294554426940858E-5	-7.72204411009419E-6
4.3	-1.1266059773026959E-5	-7.707826998739583E-6
4.4	-1.1322279962024433E-5	-7.809373408968032E-6
4.5	-1.1358271166910251E-5	-7.74352101838574E-6
4.6000000000000005	-1.1606455383489703E-5	-7.838778354382068E-6
4.7	-1.1594779366984345E-5	-7.959909234119984E-6
4.800000000000001	-1.157663040045534E-5	-7.977434186620856E-6
4.9	-1.1468055502887577E-5	-8.10274179517214E-6
5.0	-1.1237795252670283E-5	-8.176901044914873E-6
5.1000000000000005	-1.1159708862861075E-5	-8.182150717554753E-6
5.2	-1.1191286247147528E-5	-8.303563430906963E-6
5.300000000000001	-1.1298913686262093E-5	-8.493555892379533E-6
5.4	-1.1440412080090739E-5	-8.683776828224283E-6
5.5	-1.1353889020516991E-5	-8.492195826129386E-6
5.6000000000000005	-1.1168509286749131E-5	-8.284581266252007E-6
5.7	-1.1219401948943742E-5	-8.151968780493087E-6
5.800000000000001	-1.113111540341424E-5	-8.015780626240722E-6
5.9	-1.115607313682243E-5	-8.039861741574673E-6
6.0	-1.1113435386575622E-5	-7.945744532407283E-6
6.1000000000000005	-1.0997209044717561E-5	-7.98082597935726E-6
6.2	-1.098463901164136E-5	-7.983348668613697E-6
6.300000000000001	-1.086814675613374E-5	-8.165752516263306E-6
6.4	-1.081611786632894E-5	-8.408492984626759E-6
6.5	-1.092065587660556E-5	-8.560055793912018E-6
6.6000000000000005	-1.1160877179228554E-5	-8.586195624123294E-6
6.7	-1.1123797628023026E-5	-8.6323906439412E-6
6.800000000000001	-1.1121861490875332E-5	-8.434011580641903E-6
6.9	-1.1232550835511417E-5	-8.56830184876063E-6
7.0	-1.111388269757481E-5	-8.772164582172011E-6
7.1000000000000005	-1.1126813984996365E-5	-8.786442167946558E-6
7.2	-1.08318837602258E-5	-8.603177603659263E-6
7.300000000000001	-1.0895054585399436E-5	-8.512873246956647E-6
7.4	-1.0993916994453713E-5	-8.429120286014896E-6
7.5	-1.0907343332629771E-5	-8.34638089192384E-6
7.6000000000000005	-1.1037925549854568E-5	-8.23916948673291E-6
7.7	-1.112200813194393E-5	-8.290871653867063E-6
7.800000000000001	-1.1125886778503953E-5	-8.325541158070116E-6
7.9	-1.0901424703601622E-5	-8.683036756034683E-6
8.0	-1.1002912935005913E-5	-8.810139100902507E-6
8.1	-1.1060529753202194E-5	-8.892512687120699E-6
8.200000000000001	-1.0989350641463286E-5	-8.991951698190892E-6
8.3	-1.0792055617339707E-5	-9.030648980814834E-6
8.4	-1.062597464766287E-5	-9.115796871104005E-6
8.5	-1.0497295374580377E-5	-9.184248603821955E-6
8.6	-1.053250932162427E-5	-9.234987978874147E-6
8.700000000000001	-1.0391258866023922E-5	-9.387755163509345E-6
8.8	-1.0127953637808057E-5	-9.336862833241758E-6
8.9	-1.0217068888324577E-5	-9.216896459164105E-6
9.0	-1.0359858942743707E-5	-9.192233250887452E-6
9.1	-1.0367279814628944E-5	-9.321875531202315E-6
9.200000000000001	-1.0358540797638311E-5	-9.371625347015763E-6
9.3	-1.0284925988207328E-5	-9.311289123171659E-6
9.4	-1.0238268696035994E-5	-9.166443568518145E-6
9.5	-1.0277244391227602E-5	-9.065444022249607E-6
9.600000000000001	-1.0350679499617625E-5	-9.125127720923794E-6
9.700000000000001	-1.0154862777613084E-5	-9.151813774116846E-6
9.8	-1.0119869006941875E-5	-9.32147749791526E-6
9.9	-9.977686143437223E-6	-9.300756038653017E-6
10.0	-9.722724463668092E-6	-9.128100360022808E-6
10.100000000000001	-1.0009756277413007E-5	-9.038895554603583E-6
10.200000000000001	-1.0125412414318105E-5	-8.834441821695993E-6
10.3	-1.0195591883701637E-5	-8.81234417309616E-6
10.4	-1.0344456286025064E-5	-8.76242903210892E-6
10.5	-1.0366305914328491E-5	-8.795902764704598E-6
10.600000000000001	-1.0603465108622054E-5	-8.997437377225328E-6
10.700000000000001	-1.0744019993795435E-5	-9.068858090895657E-6
10.8	-1.061125481794786E-5	-9.151161730996753E-6
10.9	-1.0599480513615088E-5	-9.098060974236009E-6
11.0	-1.0446564438104493E-5	-9.086210011080941E-6
11.100000000000001	-1.0391660049695987E-5	-9.07975156545863E-6
11.200000000000001	-1.0367184461881002E-5	-8.887995818954374E-6
11.3	-1.0602884853509987E-5	-8.775003152845128E-6
11.4	-1.0792074965562554E-5	-8.801169772645756E-6
11.5	-1.1022164759971675E-5	-8.7588836114784E-6
11.600000000000001	-1.0766110080354972E-5	-8.633968872964446E-6
11.700000000000001	-1.059682574666979E-5	-8.605153603358409E-6
11.8	-1.0400298388742909E-5	-8.6584764267221E-6
11.9	-1.0229649881638168E-5	-8.494811317280689E-6
12.0	-1.0307686049741594E-5	-8.521849707718604E-6
12.100000000000001	-1.0269776221740685E-5	-8.52855245770868E-6
12.200000000000001	-1.0210889556888293E-5	-8.747191902048434E-6
12.3	-1.0228111368391124E-5	-8.971837023520698E-6
12.4	-1.0307493042088183E-5	-9.131380793591515E-6
12.5	-1.0434311603504259E-5	-9.165352278904132E-6
12.600000000000001	-1.0093889106988798E-5	-9.321933113458911E-6
12.700000000000001	-1.0140917624419099E-5	-9.314853088436771E-6
12.8	-1.0182833982113727E-5	-9.18163576336574E-6
12.9	-1.0014087260383099E-5	-8.943667342352432E-6
13.0	-9.873195310722007E-6	-8.816079734701492E-6
13.100000000000001	-1.0002499015287503E-5	-8.776199646733741E-6
13.200000000000001	-1.013495180577676E-5	-9.046039221629296E-6
13.3	-1.0322748472559505E-5	-9.321487299654832E-6
13.4	-1.0263057701587411E-5	-9.445816679924454E-6
13.5	-1.021299730018577E-5	-9.592311338267794E-6
13.600000000000001	-1.0223670538305274E-5	-9.807670433092427E-6
13.700000000000001	-1.0208409611466186E-5	-9.890083868817512E-6
13.8	-1.0261964269376128E-5	-9.632233353697333E-6
13.9	-1.0265051582991463E-5	-9.698755128576193E-6
14.0	-1.0381820583686281E-5	-9.697255864435107E-6
14.100000000000001	-1.0644063768646432E-5	-9.893481310687976E-6
14.200000000000001	-1.0607786653832943E-5	-9.898222840310589E-6
14.3	-1.0504973589919486E-5	-1.0044706833977512E-5
14.4	-1.0301957971573584E-5	-1.0013602534683389E-5
14.5	-1.0249406016916095E-5	-9.849177628355994E-6
14.600000000000001	-1.0018094163463408E-5	-9.842910812754243E-6
14.700000000000001	-9.868296158392231E-6	-9.764307506578195E-6
14.8	-9.888557689757877E-6	-9.684123029586489E-6
14.9	-9.7890787612718E-6	-9.673790630217695E-6
15.0	-9.684596734425095E-6	-9.733373158974508E-6
15.100000000000001	-9.538655328901397E-6	-9.762661500126952E-6
15.200000000000001	-9.4114988351265E-6	-9.787570418848135E-6
15.3	-9.339834314764587E-6	-1.0101590008905004E-5
15.4	-9.263691327958228E-6	-1.0016273462198199E-5
15.5	-9.297432273297977E-6	-9.898575375870537E-6
15.600000000000001	-9.4115849957279E-6	-9.803500873062854E-6
15.700000000000001	-9.319190624476351E-6	-9.695254590319856E-6
15.8	-9.198100934598227E-6	-9.748922104312606E-6
15.9	-9.435420218508855E-6	-9.80787569693483E-6
16.0	-9.321730218082393E-6	-9.664999813886726E-6
16.1	-9.31839441496287E-6	-9.554096664077273E-6
16.2	-9.26134296547219E-6	-9.401260337052318E-6
16.3	-9.38101211980063E-6	-9.255746888810597E-6
16.400000000000002	-9.435700082138521E-6	-9.346377533333488E-6
16.5	-9.57620465354421E-6	-9.696865520511636E-6
16.6	-9.496696666326866E-6	-9.773863098308606E-6
16.7	-9.599599563525808E-6	-9.63353836953732E-6
16.8	-9.401782832735153E-6	-9.463080380464628E-6
16.900000000000002	-9.273204326665631E-6	-9.387014991124075E-6
17.0	-9.250099464245835E-6	-9.24886553529356E-6
17.1	-9.461796790655546E-6	-9.27768781745835E-6
17.2	-9.688927691816472E-6	-9.332824775468196E-6
17.3	-9.870987088562233E-6	-9.263864098751939E-6
17.400000000000002	-9.91112343140152E-6	-9.366397134806395E-6
17.5	-9.80019641556664E-6	-9.281073850931794E-6
17.6	-9.845036677228974E-6	-9.365290026287792E-6
17.7	-9.757794100878934E-6	-9.34967067344985E-6
17.8	-9.968303619401447E-6	-9.212254039019366E-6
17.900000000000002	-9.90554741189047E-6	-9.198367127509344E-6
18.0	-9.82644608727401E-6	-9.221857642241505E-6
18.1	-9.877819565840215E-6	-9.332696520300561E-6
18.2	-9.926504882040919E-6	-9.507172482216886E-6
18.3	-9.921680653056015E-6	-9.813809726490918E-6
18.400000000000002	-1.0075742893760933E-5	-9.98137838752365E-6
18.5	-9.822083685489848E-6	-1.0198742648997643E-5
18.6	-9.856060421385189E-6	-1.0183590299497238E-5
18.7	-9.836968506901433E-6	-1.0216801678679155E-5
18.8	-9.81207374359779E-6	-9.931149875072663E-6
18.900000000000002	-9.608870280241935E-6	-9.90856807630922E-6
19.0	-9.563245097606995E-6	-1.0055450293746488E-5
19.1	-9.588070940665184E-6	-9.966924904429404E-6
19.200000000000003	-9.438720883747316E-6	-9.780621552105172E-6
19.3	-9.185034784460923E-6	-9.709272929989039E-6
19.400000000000002	-8.973231119988555E-6	-9.664187447185555E-6
19.5	-8.832412971174963E-6	-9.69435909212981E-6
19.6	-8.798198030136193E-6	-9.598793999592486E-6
19.700000000000003	-8.436070715203487E-6	-9.677195984995223E-6
19.8	-8.50733810986595E-6	-9.467865622573833E-6
19.900000000000002	-8.835570737603506E-6	-9.306546498898302E-6
20.0	-9.119702415238352E-6	-9.195840469799913E-6
20.1	-9.139064656527611E-6	-9.18607329496417E-6
20.200000000000003	-9.123210297320926E-6	-9.3683394189018E-6
20.3	-8.938094290623962E-6	-9.398941246558709E-6
20.400000000000002	-8.910267632696428E-6	-9.234549944633154E-6
20.5	-9.042133475502155E-6	-9.713745294620676E-6
20.6	-9.039851167154933E-6	-9.693134439028293E-6
20.700000000000003	-9.032259826358092E-6	-9.870179552819199E-6
20.8	-8.709350544400494E-6	-9.543186947264025E-6
20.900000000000002	-8.447392474889084E-6	-9.503887923360286E-6
21.0	-8.355595079486071E-6	-9.632196130167661E-6
21.1	-8.30839837729618E-6	-9.42435266814686E-6
21.200000000000003	-8.291038918917628E-6	-9.189339805849077E-6
21.3	-8.251333793843415E-6	-9.405787961589588E-6
21.400000000000002	-8.308229665798975E-6	-9.691255728421206E-6
21.5	-8.27317747009343E-6	-1.001370305633315E-5
21.6	-8.168267200913583E-6	-1.0045984517467953E-5
21.700000000000003	-8.09150783500834E-6	-9.994547803683613E-6
21.8	-8.189118915787793E-6	-1.0120997245498675E-5
21.900000000000002	-8.125052345348292E-6	-1.0509654276921342E-5
22.0	-8.16169144164536E-6	-1.0556677572689517E-5
22.1	-8.01018840845921E-6	-1.0713782693882299E-5
22.200000000000003	-7.798845726539719E-6	-1.0744996310899271E-5
22.3	-7.654756617866313E-6	-1.0522785005796903E-5
22.400000000000002	-7.492440059803568E-6	-1.0415661110629593E-5
22.5	-7.432949032615765E-6	-1.0452956998029671E-5
22.6	-7.487035274247856E-6	-1.0211379058973772E-5
22.700000000000003	-7.28682812755899E-6	-1.0061310752949663E-5
22.8	-7.3433661264411636E-6	-1.0192607838168667E-5
22.900000000000002	-7.477662766975378E-6	-1.01995829872062E-5
23.0	-7.497361762615794E-6	-1.0084040784646189E-5
23.1	-7.641986032364039E-6	-1.01196033120777E-5
23.200000000000003	-7.686710458618511E-6	-1.0161961623740109E-5
23.3	-7.738823988263261E-6	-1.0146440892509961E-5
23.400000000000002	-7.79513765337141E-6	-1.0262138514416128E-5
23.5	-7.900013277711865E-6	-1.0308949488301808E-5
23.6	-7.918157398522927E-6	-1.0483694499269266E-5
23.700000000000003	-7.96312235021029E-6	-1.0678247001202276E-5
23.8	-8.012664485774188E-6	-1.0841289085466021E-5
23.900000000000002	-7.805787393809046E-6	-1.076963881635112E-5
24.0	-7.645965923462938E-6	-1.078132351922041E-5
24.1	-7.559611257363512E-6	-1.0765344057750575E-5
24.200000000000003	-7.545763114832653E-6	-1.0806007228993701E-5
24.3	-7.211868914606861E-6	-1.0864646633444459E-5
24.400000000000002	-7.242034809657221E-6	-1.0692219660446867E-5
24.5	-6.917257575973139E-6	-1.0857008806911758E-5
24.6	-6.8052012841263024E-6	-1.0999524893244796E-5
24.700000000000003	-6.934996304736667E-6	-1.0953537533320679E-5
24.8	-6.813917369138021E-6	-1.0712873702202114E-5
24.900000000000002	-6.834396324262629E-6	-1.0692097917622888E-5
25.0	-6.934890115127417E-6	-1.0481523313823241E-5
25.1	-6.928518737021422E-6	-1.0299409617342857E-5
25.200000000000003	-7.1345867835505785E-6	-1.0206550430300538E-5
25.3	-7.046894536113328E-6	-9.835166745912498E-6
25.400000000000002	-7.0488736878161835E-6	-9.758148677713496E-6
25.5	-6.973394397539871E-6	-9.634280534528533E-6
25.6	-6.767562282218993E-6	-9.679998392040143E-6
25.700000000000003	-6.828175335949593E-6	-9.731188279118552E-6
25.8	-6.9550794684623455E-6	-9.677267946197255E-6
25.900000000000002	-7.145308532184E-6	-9.602492673250104E-6
26.0	-7.300388816676719E-6	-9.53097157738701E-6
26.1	-7.3011744961291584E-6	-9.612162858482297E-6
26.200000000000003	-7.185854851316416E-6	-9.648810633516387E-6
26.3	-7.175323367052731E-6	-9.63216853205753E-6
26.400000000000002	-7.235173995238398E-6	-9.906469763239203E-6
26.5	-7.311510437260261E-6	-9.913957208867967E-6
26.6	-7.440818993560263E-6	-1.0121249764606397E-5
26.700000000000003	-7.625735981284281E-6	-1.0057059371258766E-5
26.8	-7.632447929174815E-6	-9.93004165029518E-6
26.900000000000002	-7.710996104449154E-6	-9.93039410634481E-6
27.0	-7.475657394039411E-6	-9.945527949604824E-6
27.1	-7.48422793670743E-6	-9.728471139617641E-6
27.200000000000003	-7.607332835308749E-6	-9.557556660457526E-6
27.3	-7.634291240011737E-6	-9.433738957176695E-6
27.400000000000002	-7.687403846801448E-6	-9.634961682080543E-6
27.5	-7.698948887392217E-6	-9.635679840336985E-6
27.6	-7.661564795260894E-6	-9.889387944522392E-6
27.700000000000003	-7.462721511677319E-6	-1.003615617756331E-5
27.8	-7.397930570398405E-6	-1.0010991000436098E-5
27.900000000000002	-7.185373546089548E-6	-9.777291484624623E-6
28.0	-7.1230983331634225E-6	-9.834004757202127E-6
28.1	-7.231376056024271E-6	-9.682784446406744E-6
28.200000000000003	-7.239917934542494E-6	-9.748489870602296E-6
28.3	-7.362472443176074E-6	-9.771434516536635E-6
28.400000000000002	-7.575682613396026E-6	-9.772369399462652E-6
28.5	-7.559633186156312E-6	-9.867050473957091E-6
28.6	-7.452795964086386E-6	-9.87871316913814E-6
28.700000000000003	-7.326693250454415E-6	-9.688189833617853E-6
28.8	-7.278353683425416E-6	-9.623010515469333E-6
28.900000000000002	-7.098487615635497E-6	-9.493438206276968E-6
29.0	-6.994326180948856E-6	-9.586429494458959E-6
29.1	-6.980226702611854E-6	-9.548152462797342E-6
29.200000000000003	-6.785391360913834E-6	-9.457827089133545E-6
29.3	-6.736120314104997E-6	-9.479255337143744E-6
29.400000000000002	-6.7408383709292315E-6	-9.480244571599366E-6
29.5	-6.73462928345255E-6	-9.445359984457711E-6
29.6	-6.617106980731763E-6	-9.432941119463136E-6
29.700000000000003	-6.480048153494612E-6	-9.793854192663772E-6
29.8	-6.335180361119024E-6	-9.675786545181936E-6
29.900000000000002	-6.307078201777389E-6	-9.448248498358482E-6
30.0	-6.401818263158635E-6	-9.390991255183706E-6
30.1	-6.224796892492681E-6	-9.393757059640959E-6
30.200000000000003	-5.943463373466991E-6	-9.320925270349724E-6
30.3	-5.88599924319857E-6	-9.391631195798779E-6
30.400000000000002	-5.8604769558368605E-6	-9.375921719987448E-6
30.5	-5.8313004999031715E-6	-9.227663286451362E-6
30.6	-5.60375201646089E-6	-8.964345720950068E-6
30.700000000000003	-5.5839348833872275E-6	-9.032384810574909E-6
30.8	-5.565705074418831E-6	-8.806285247766003E-6
30.900000000000002	-5.317021345075769E-6	-8.778696259143476E-6
31.0	-5.298894619397926E-6	-8.841278655582257E-6
