analysis8
t	x	y
0.0	-7.203988116272383E-6	1.267284164211851E-5
0.1	-7.155711812416906E-6	1.2719752046450462E-5
0.2	-7.055645299703971E-6	1.2840265397313391E-5
0.30000000000000004	-7.095670231083048E-6	1.2901766192601546E-5
0.4	-7.164687995128818E-6	1.2551279056936415E-5
0.5	-6.931513573337956E-6	1.2604164190989011E-5
0.6000000000000001	-6.693143580469683E-6	1.2741364368208256E-5
0.7000000000000001	-6.695613403447952E-6	1.2578635357727802E-5
0.8	-6.828889303277966E-6	1.2614329732580393E-5
0.9	-7.0008478821577E-6	1.2618008595408026E-5
1.0	-7.050150646318169E-6	1.2458310897712351E-5
1.1	-7.136331361682926E-6	1.2414547890835951E-5
1.2000000000000002	-7.077765598209158E-6	1.2367072926445592E-5
1.3	-6.788401071877929E-6	1.2438411053707838E-5
1.4000000000000001	-6.813285956072471E-6	1.2405801634235687E-5
1.5	-6.971449394179833E-6	1.2199137554996856E-5
1.6	-6.983161966714025E-6	1.2088269341278447E-5
1.7000000000000002	-6.960515502242267E-6	1.2250819429092824E-5
1.8	-6.876054465415705E-6	1.2284400022973065E-5
1.9000000000000001	-6.860537762870372E-6	1.209819213337724E-5
2.0	-6.894887254282379E-6	1.202536727602436E-5
2.1	-6.887939428315558E-6	1.1827392961122132E-5
2.2	-7.036598381254843E-6	1.2101427592621848E-5
2.3000000000000003	-7.092039740651422E-6	1.2157898693920089E-5
2.4000000000000004	-6.9737446514817755E-6	1.220742789583853E-5
2.5	-6.499606082986316E-6	1.2357962379371693E-5
2.6	-6.581264060580039E-6	1.2308508820401545E-5
2.7	-6.716077420034713E-6	1.2205168213711595E-5
2.8000000000000003	-6.739467833597929E-6	1.222445847887049E-5
2.9000000000000004	-6.626136344836097E-6	1.2121309255627798E-5
3.0	-6.612836878599633E-6	1.2189054331898252E-5
3.1	-6.557950958787998E-6	1.2022376329110152E-5
3.2	-6.521056482489002E-6	1.2076841778246586E-5
3.3000000000000003	-6.637367112333396E-6	1.2111036410274203E-5
3.4000000000000004	-6.503582174760272E-6	1.1860488249160857E-5
3.5	-6.380265937500113E-6	1.1890298919787773E-5
3.6	-6.199603193386311E-6	1.194937792864908E-5
3.7	-6.1555970271327465E-6	1.1872446982977789E-5
3.8000000000000003	-6.188961568676004E-6	1.1767652688662917E-5
3.9000000000000004	-6.1539816058193874E-6	1.1608743788722946E-5
4.0	-6.116329930993056E-6	1.1466436025206448E-5
4.1000000000000005	-5.920520813493065E-6	1.1547895676374956E-5
4.2	-5.708513787109686E-6	1.172093082941017E-5
4.3	-5.742415657008358E-6	1.1736253476927216E-5
4.4	-5.710423685203008E-6	1.1708764943117302E-5
4.5	-5.604603071901292E-6	1.1667145514141445E-5
4.6000000000000005	-5.788772346211081E-6	1.1400177452924909E-5
4.7	-5.74478144690565E-6	1.1274538151970568E-5
4.800000000000001	-5.586298703566205E-6	1.0943318289557064E-5
4.9	-5.634956082385151E-6	1.0895854302842233E-5
5.0	-5.762002615302164E-6	1.0899050949558529E-5
5.1000000000000005	-5.816152642562889E-6	1.0739513332613176E-5
5.2	-5.9033483746112234E-6	1.0779616112356025E-5
5.300000000000001	-5.914792507657838E-6	1.0601897542368199E-5
5.4	-5.938954433123263E-6	1.0555100788742786E-5
5.5	-5.9269130978128386E-6	1.0452003626060682E-5
5.6000000000000005	-6.021742944103789E-6	1.0577510181632825E-5
5.7	-5.876102597867115E-6	1.0562622658287084E-5
5.800000000000001	-5.72329255303262E-6	1.0419173641705737E-5
5.9	-5.800342761097383E-6	1.0065194266047363E-5
6.0	-6.032097074038436E-6	9.942941566050633E-6
6.1000000000000005	-6.009594474859567E-6	9.855110357207913E-6
6.2	-6.044442600562969E-6	9.744203254447944E-6
6.300000000000001	-5.7856546853795235E-6	9.652869737820468E-6
6.4	-5.662205412882702E-6	9.488173377365685E-6
6.5	-5.625368178523159E-6	9.286954814310738E-6
6.6000000000000005	-5.63379537649945E-6	9.43814476643164E-6
6.7	-5.67259239279247E-6	9.545204300591816E-6
6.800000000000001	-5.750280487869609E-6	9.609083773769194E-6
6.9	-5.772649882568026E-6	9.515936235190926E-6
7.0	-5.925940977283846E-6	9.547267095127213E-6
7.1000000000000005	-6.051136824953487E-6	9.754706806966527E-6
7.2	-6.187596809488026E-6	9.951347267196268E-6
7.300000000000001	-6.3196837292441865E-6	9.807722284652077E-6
7.4	-6.3321331266003465E-6	9.612447894344384E-6
7.5	-6.3243189887435505E-6	9.597918018687726E-6
7.6000000000000005	-6.369600947497581E-6	9.656722711533068E-6
7.7	-6.354058748912291E-6	9.759219108192594E-6
7.800000000000001	-6.357344650477632E-6	9.710552496564121E-6
7.9	-6.2445221397139014E-6	9.649923556637602E-6
8.0	-6.211144775635455E-6	9.639887012006882E-6
8.1	-6.293775862851642E-6	9.882480940340634E-6
8.200000000000001	-6.290194816268514E-6	9.749077596654662E-6
8.3	-6.3403173164049536E-6	9.859754072683163E-6
8.4	-6.453985253656622E-6	9.727648951949178E-6
8.5	-6.486069433347003E-6	9.694296603147674E-6
8.6	-6.584357455077734E-6	9.847564309124906E-6
8.700000000000001	-6.657504420866995E-6	9.911359226509887E-6
8.8	-6.883945527038062E-6	1.0096828284302402E-5
8.9	-6.966812050222422E-6	1.0249218886474483E-5
9.0	-7.134679271596263E-6	1.0270280874818197E-5
9.1	-7.4633369884882816E-6	1.0161616414235088E-5
9.200000000000001	-7.613160475764055E-6	1.0028426077450888E-5
9.3	-7.413921824185878E-6	1.0164787717913514E-5
9.4	-7.3051969607048855E-6	1.013436857256538E-5
9.5	-7.298455498587806E-6	1.0136057337106897E-5
9.600000000000001	-7.3216260356654325E-6	1.0247270140498026E-5
9.700000000000001	-7.465019220932196E-6	9.833178003186032E-6
9.8	-7.5211723456201E-6	9.807131378326247E-6
9.9	-7.559083044315802E-6	9.937804777735192E-6
10.0	-7.4391468381680635E-6	9.994083383963847E-6
10.100000000000001	-7.409217732371036E-6	9.997206923635249E-6
10.200000000000001	-7.601171299278429E-6	1.026342831938594E-5
10.3	-7.581681984512443E-6	1.0253983569638704E-5
10.4	-7.514688565029236E-6	1.0104842025656262E-5
10.5	-7.589164987873811E-6	1.0207800800762557E-5
10.600000000000001	-7.635083919143889E-6	1.038557106388678E-5
10.700000000000001	-7.791530415128107E-6	1.0311943609731147E-5
10.8	-7.820544867088063E-6	1.0216100651041716E-5
10.9	-7.810932801038615E-6	1.0171093494655402E-5
11.0	-7.663425225469275E-6	1.0214746326852743E-5
11.100000000000001	-7.708618149638018E-6	1.0286465943725382E-5
11.200000000000001	-7.637490223272107E-6	1.024400821120149E-5
11.3	-7.699171113320252E-6	1.0211430493759477E-5
11.4	-7.738746890151532E-6	9.93042315705309E-6
11.5	-7.616034982549426E-6	9.947068266376758E-6
11.600000000000001	-7.576527616483459E-6	1.00290420144016E-5
11.700000000000001	-7.4223254380237155E-6	1.0122645123841848E-5
11.8	-7.315228222783764E-6	1.0057712162208232E-5
11.9	-7.346190894431481E-6	9.965950947165736E-6
12.0	-7.310988694538284E-6	1.0057878383420008E-5
12.100000000000001	-7.3072189252125765E-6	1.0053439597226374E-5
12.200000000000001	-7.6270046227682394E-6	1.0235849222275627E-5
12.3	-7.516979280448094E-6	1.0234068882241667E-5
12.4	-7.375101421348428E-6	1.0086816537979173E-5
12.5	-7.4041404405892174E-6	9.867539481150354E-6
12.600000000000001	-7.3280265991488495E-6	9.724542381777488E-6
12.700000000000001	-6.964979320818107E-6	9.837461877524024E-6
12.8	-7.0316363204203945E-6	1.0092702203804182E-5
12.9	-7.1208112748348E-6	1.0181396111284886E-5
13.0	-7.053410806403098E-6	1.0337734710309406E-5
13.100000000000001	-7.168350679737097E-6	1.0309883753066593E-5
13.200000000000001	-7.229834410040582E-6	1.0204655705882904E-5
13.3	-7.156721962385326E-6	1.0063049631342539E-5
13.4	-7.240778438595754E-6	1.020993020377396E-5
13.5	-7.051406879476282E-6	1.012791673791846E-5
13.600000000000001	-6.79460304636087E-6	1.024721248300615E-5
13.700000000000001	-6.66157698482527E-6	1.030224532192238E-5
13.8	-6.401305966940079E-6	1.0405462425845706E-5
13.9	-6.297133683224197E-6	1.029386376583526E-5
14.0	-6.305395603189999E-6	1.0230004422502222E-5
14.100000000000001	-6.4073821505243E-6	1.0195554304745048E-5
14.200000000000001	-6.380988372145029E-6	1.010897842920712E-5
14.3	-6.30620222214489E-6	9.973051072564361E-6
14.4	-6.538503875689339E-6	9.83110979307668E-6
14.5	-6.4624633364970046E-6	9.933236101869275E-6
14.600000000000001	-6.5899057007817955E-6	9.936238303983996E-6
14.700000000000001	-6.308588734105244E-6	9.889799426717047E-6
14.8	-6.373645693676222E-6	9.729778005592121E-6
14.9	-6.2133036477419565E-6	9.700616201956084E-6
15.0	-6.1236204350560285E-6	9.567166279807104E-6
15.100000000000001	-6.0792907781277594E-6	9.569575269250882E-6
15.200000000000001	-6.191359794078959E-6	9.532960213098062E-6
15.3	-6.086973654813054E-6	9.676847529362934E-6
15.4	-5.889599865303776E-6	9.69495735937155E-6
15.5	-5.886472689388327E-6	9.68366056366181E-6
15.600000000000001	-5.893154849001615E-6	9.676175887994687E-6
15.700000000000001	-6.092738947432739E-6	9.453665673955393E-6
15.8	-6.208097076311574E-6	9.328785674408792E-6
15.9	-6.439490737132724E-6	9.233741837153543E-6
16.0	-6.460013000442603E-6	9.294928166425726E-6
16.1	-6.542516894172131E-6	9.090728175635643E-6
16.2	-6.456233502702397E-6	9.153048623533556E-6
16.3	-6.319062726050616E-6	9.255643233840482E-6
16.400000000000002	-6.068621374196648E-6	9.1606637610364E-6
16.5	-6.038748203108904E-6	8.870977019653842E-6
16.6	-6.055655805596116E-6	8.622034905355292E-6
16.7	-5.936158090442632E-6	8.42788269067763E-6
16.8	-5.8788819814575404E-6	8.455614952299433E-6
16.900000000000002	-5.869480268096167E-6	8.464970031587474E-6
17.0	-5.734622236430346E-6	8.339163974952566E-6
17.1	-5.674582359805216E-6	8.274125736555227E-6
17.2	-5.2906831393692496E-6	7.99109102905114E-6
17.3	-5.208263024969448E-6	7.95601404231775E-6
17.400000000000002	-5.211766187564181E-6	7.787246754871725E-6
17.5	-5.075603686898676E-6	7.58845630607933E-6
17.6	-5.084047789926917E-6	7.588534118352681E-6
17.7	-5.120829026892984E-6	7.523539898803662E-6
17.8	-5.0039607189411475E-6	7.365203033657271E-6
17.900000000000002	-5.179316557773381E-6	7.274580011862214E-6
18.0	-5.064536881722826E-6	7.422515446161486E-6
18.1	-5.1430929896497E-6	7.668680874403677E-6
18.2	-5.06983583920725E-6	7.82238263842452E-6
18.3	-5.162723447911883E-6	7.952811051206086E-6
18.400000000000002	-5.5256595426907514E-6	7.679510588269407E-6
18.5	-5.5332410513166935E-6	7.678965788423986E-6
18.6	-5.67416013966516E-6	7.77279359919201E-6
18.7	-5.669731657809848E-6	7.771222639703047E-6
18.8	-5.7624967009697254E-6	7.794613515881883E-6
18.900000000000002	-5.5832993291996685E-6	7.646882440918353E-6
19.0	-5.563817673179756E-6	7.57708849150424E-6
19.1	-5.595511785909411E-6	7.374428594207238E-6
19.200000000000003	-5.566190545823552E-6	7.4288710589945E-6
19.3	-5.405430286101461E-6	7.369766301550731E-6
19.400000000000002	-5.358146052035536E-6	7.406541964359421E-6
19.5	-5.389744616018027E-6	7.349987113934649E-6
19.6	-5.408417940750191E-6	7.191150445082976E-6
19.700000000000003	-5.5489278542703195E-6	7.120881627480204E-6
19.8	-5.355847774954539E-6	7.1425609356494925E-6
19.900000000000002	-5.41263306646715E-6	7.131703517892864E-6
20.0	-5.616646930374859E-6	7.1214358605603735E-6
20.1	-5.708648921198759E-6	6.916037642163854E-6
20.200000000000003	-5.722413777266991E-6	6.743788564433041E-6
20.3	-5.726214771018155E-6	6.749411611490432E-6
20.400000000000002	-5.730417253858127E-6	6.678374112091183E-6
20.5	-5.767767257874165E-6	6.5492836051671635E-6
20.6	-5.739548541846366E-6	6.4348605482225685E-6
20.700000000000003	-5.7977069568854194E-6	6.6204087880946605E-6
20.8	-5.915077137202577E-6	6.685901004749052E-6
20.900000000000002	-5.907494397190758E-6	6.58194826347671E-6
21.0	-6.146036501192272E-6	6.522227489499097E-6
21.1	-6.258721770509489E-6	6.408999512054164E-6
21.200000000000003	-6.317611046933281E-6	6.239799807563775E-6
21.3	-6.29362277356357E-6	6.260465239486182E-6
21.400000000000002	-6.209623602332791E-6	6.254686531005786E-6
21.5	-6.207467806197991E-6	6.2473816349393246E-6
21.6	-6.032170373005782E-6	6.215579821420732E-6
21.700000000000003	-6.027497612297479E-6	6.29824950194027E-6
21.8	-5.9509105055695496E-6	6.2957315635486E-6
21.900000000000002	-5.9038334114801486E-6	6.590063744501993E-6
22.0	-6.090356930853584E-6	6.411595658077862E-6
22.1	-6.300582653583466E-6	6.457925402548623E-6
22.200000000000003	-6.298270599616621E-6	6.46672247658528E-6
22.3	-6.222711253346329E-6	6.631516056297177E-6
22.400000000000002	-6.217928530583034E-6	6.622101598013153E-6
22.5	-6.305438656854128E-6	6.613941238842237E-6
22.6	-6.451992692217588E-6	6.597565967386751E-6
22.700000000000003	-6.469449437828664E-6	6.577568067513759E-6
22.8	-6.135314411112659E-6	6.959308390270252E-6
22.900000000000002	-5.937485606801672E-6	7.010826520415049E-6
23.0	-5.935875812487579E-6	7.0179419205745515E-6
23.1	-5.674209903563057E-6	6.796942953534717E-6
23.200000000000003	-5.623985821330801E-6	6.790646282214469E-6
23.3	-5.631172730268796E-6	6.786111083372985E-6
23.400000000000002	-5.357204547403642E-6	6.7129810809961225E-6
23.5	-5.38127302613048E-6	6.53314281533844E-6
23.6	-5.2964453451066765E-6	6.5818014524345796E-6
23.700000000000003	-5.250788979949087E-6	6.5850082891159134E-6
23.8	-5.239674850107506E-6	6.586228925967817E-6
23.900000000000002	-5.185872981844228E-6	6.511396040702358E-6
24.0	-5.257114175008255E-6	6.69027273258548E-6
24.1	-5.244225859502941E-6	6.703611482443541E-6
24.200000000000003	-5.119464988202371E-6	6.4834459858291376E-6
24.3	-5.001744609738331E-6	5.924624030644063E-6
24.400000000000002	-4.945808018333565E-6	5.8586517538234474E-6
24.5	-4.942794278663675E-6	5.859778773640911E-6
24.6	-4.878626650696553E-6	6.339363817256349E-6
24.700000000000003	-5.172630533668108E-6	6.400808297963114E-6
24.8	-5.3964344683699795E-6	6.395927557909938E-6
24.900000000000002	-5.4068324127450924E-6	6.444479088139231E-6
25.0	-5.41281933427238E-6	6.664453062424616E-6
25.1	-5.388074708457909E-6	6.703789967964117E-6
25.200000000000003	-5.260127620559479E-6	6.948237433101702E-6
25.3	-5.2672525057874945E-6	6.949684300643884E-6
25.400000000000002	-4.992972717367363E-6	7.135111381670578E-6
25.5	-4.705347044199357E-6	6.811260900190852E-6
25.6	-4.69440479146055E-6	6.8035316774513286E-6
25.700000000000003	-4.405354260774188E-6	6.657633277928246E-6
25.8	-4.588469057429356E-6	6.716484330851251E-6
25.900000000000002	-4.58488879363733E-6	6.709844118599346E-6
26.0	-4.5855708073022335E-6	6.748134963112565E-6
26.1	-4.697333479664773E-6	6.711879891861849E-6
26.200000000000003	-4.332897209945348E-6	6.48688117098316E-6
26.3	-4.118219983907823E-6	6.537396390415878E-6
26.400000000000002	-3.873237950252887E-6	6.870939993518597E-6
26.5	-3.886491673052081E-6	7.1487616971336876E-6
26.6	-3.8774795414480516E-6	7.1470059166916644E-6
26.700000000000003	-4.016528509643998E-6	7.375003142916801E-6
26.8	-4.139215428765669E-6	7.458360315510351E-6
26.900000000000002	-3.7079278830430277E-6	7.700400193386893E-6
27.0	-3.581950702127501E-6	7.701534662010862E-6
27.1	-3.581404988300767E-6	7.69815542163128E-6
27.200000000000003	-3.419183480766051E-6	7.720361423508391E-6
27.3	-3.7076104003736486E-6	8.125867724254931E-6
27.400000000000002	-3.9281861249503455E-6	8.023030481393611E-6
27.5	-4.05977487797006E-6	7.653032652597947E-6
27.6	-4.054520400064884E-6	7.65983867887661E-6
27.700000000000003	-4.191228671363259E-6	7.757720555830728E-6
27.8	-4.219639638784086E-6	8.134494984801367E-6
27.900000000000002	-4.177986555551368E-6	8.17202741179059E-6
28.0	-4.035713139354621E-6	8.177510222287126E-6
28.1	-4.034723995725631E-6	8.188697569997537E-6
28.200000000000003	-4.257521849863943E-6	8.399977031458985E-6
28.3	-4.296349570141511E-6	8.376875627825946E-6
28.400000000000002	-4.43487784482763E-6	8.223450409135582E-6
28.5	-4.609963446314396E-6	8.278735280784248E-6
28.6	-4.601411433732785E-6	8.286208519122486E-6
28.700000000000003	-4.376432854080223E-6	8.207835427208994E-6
28.8	-4.390326636941341E-6	8.517814056190987E-6
28.900000000000002	-4.418888556155057E-6	8.420744485590988E-6
29.0	-4.29087015715102E-6	8.228545092475246E-6
29.1	-4.334204593533212E-6	8.146760805321239E-6
29.200000000000003	-4.327261482587828E-6	8.143557276922508E-6
29.3	-4.1826269354139784E-6	7.978854747612892E-6
29.400000000000002	-4.240723519283297E-6	8.214645752504786E-6
29.5	-4.2466398400690025E-6	8.334127941344326E-6
29.6	-4.291354332951086E-6	8.350672113600306E-6
29.700000000000003	-4.290706446123294E-6	8.413181542608233E-6
29.8	-4.0391429421754435E-6	8.443493867677548E-6
29.900000000000002	-3.96821309824707E-6	8.279729373433046E-6
30.0	-4.1091036163448175E-6	8.16038088410061E-6
30.1	-4.251791892217053E-6	8.395578463653778E-6
30.200000000000003	-4.195100508172819E-6	8.370140494879514E-6
30.3	-4.085849860843286E-6	8.48371463907734E-6
30.400000000000002	-4.044090050739845E-6	8.536237097206595E-6
30.5	-4.1995717224309925E-6	8.485173321156971E-6
30.6	-4.394362917072796E-6	8.637622370599178E-6
30.700000000000003	-4.61358149175294E-6	8.65955336497585E-6
30.8	-4.603577924911008E-6	8.663239506397386E-6
30.900000000000002	-4.7575742482416455E-6	8.656352873641108E-6
31.0	-4.838665636924787E-6	8.492578575760462E-6
31.1	-4.890282478634724E-6	8.387071629322207E-6
31.200000000000003	-4.7085064678596924E-6	8.20083544597457E-6
31.3	-4.588749465798156E-6	7.961543468576667E-6
31.400000000000002	-4.6137808827762384E-6	7.870144710087867E-6
31.5	-4.589783386154211E-6	7.857549198257583E-6
31.6	-4.584401493434238E-6	7.643235192715792E-6
31.700000000000003	-4.6993896376299645E-6	7.627335929239175E-6
31.8	-4.666770983148484E-6	7.584395354182664E-6
31.900000000000002	-4.558488883516975E-6	7.601599037941576E-6
32.0	-4.518546505565479E-6	7.583203698385103E-6
32.1	-4.414175940235568E-6	7.674363763654708E-6
32.2	-4.363277532235026E-6	7.886388254166801E-6
32.300000000000004	-4.320977717181182E-6	8.207719827261241E-6
32.4	-4.379047433168565E-6	8.32559950983001E-6
32.5	-4.1844935184134655E-6	8.501473918095189E-6
32.6	-4.1568478362884995E-6	8.534341052830037E-6
32.7	-4.273076367540714E-6	8.581504562155127E-6
32.800000000000004	-4.305563528170234E-6	8.423457469419399E-6
32.9	-4.209512222676885E-6	8.198855735397776E-6
33.0	-4.115672882605704E-6	8.010892306604913E-6
