analysis1
t	x	y
0.0	-1.4796087735004502E-5	-1.3278657117278448E-5
0.1	-1.489773451655287E-5	-1.314496313659751E-5
0.2	-1.4966569654922678E-5	-1.316800391256036E-5
0.30000000000000004	-1.517041114633822E-5	-1.3068682573586571E-5
0.4	-1.522796541917066E-5	-1.2989964920062662E-5
0.5	-1.5256175282777995E-5	-1.2760258354677271E-5
0.6000000000000001	-1.5506196748532163E-5	-1.2693479031916742E-5
0.7000000000000001	-1.551018018643481E-5	-1.270245611478305E-5
0.8	-1.541310111679576E-5	-1.2399140272271108E-5
0.9	-1.539339165415621E-5	-1.239168951563757E-5
1.0	-1.5467571744976504E-5	-1.2422398438789805E-5
1.1	-1.544447226419567E-5	-1.2481791736946604E-5
1.2000000000000002	-1.5531257682740283E-5	-1.2206630230103305E-5
1.3	-1.5521750114969687E-5	-1.2095179238726006E-5
1.4000000000000001	-1.5132966732833776E-5	-1.1996696625672984E-5
1.5	-1.495479663017086E-5	-1.2063509124178888E-5
1.6	-1.4812396647393261E-5	-1.2256623870240678E-5
1.7000000000000002	-1.4714195497154538E-5	-1.2272334247143635E-5
1.8	-1.4649580375482768E-5	-1.2024150893568879E-5
1.9000000000000001	-1.468314253829121E-5	-1.2066052451681029E-5
2.0	-1.4791861468879245E-5	-1.2182182158652975E-5
2.1	-1.4814814304891662E-5	-1.2181994763893922E-5
2.2	-1.4888855047524412E-5	-1.2164762700435795E-5
2.3000000000000003	-1.489454692978006E-5	-1.213159090597077E-5
2.4000000000000004	-1.475139619590318E-5	-1.2094191784091947E-5
2.5	-1.4714867204639372E-5	-1.1813416623868302E-5
2.6	-1.4848200736222658E-5	-1.1793755763926824E-5
2.7	-1.4787728701000724E-5	-1.1914173922428449E-5
2.8000000000000003	-1.4789689597227754E-5	-1.1913519277428612E-5
2.9000000000000004	-1.47023862113068E-5	-1.1749535958885338E-5
3.0	-1.467077463397687E-5	-1.1599227625083531E-5
3.1	-1.4657954850829086E-5	-1.1602552426043449E-5
3.2	-1.4578115834830472E-5	-1.1743564629255642E-5
3.3000000000000003	-1.442216082430169E-5	-1.1689548603322075E-5
3.4000000000000004	-1.4505327841449942E-5	-1.1648256241957287E-5
3.5	-1.4608223788304307E-5	-1.1619150981645153E-5
3.6	-1.4674309649608237E-5	-1.1715870584213401E-5
3.7	-1.4683989859998169E-5	-1.1796794457571486E-5
3.8000000000000003	-1.4854973983452007E-5	-1.167403229341465E-5
3.9000000000000004	-1.463401554754724E-5	-1.1773576967913093E-5
4.0	-1.4636406181620531E-5	-1.1743791341595014E-5
4.1000000000000005	-1.4763201592185532E-5	-1.173840889935726E-5
4.2	-1.491555539755652E-5	-1.1972187924441653E-5
4.3	-1.4949143184931544E-5	-1.2004128434003046E-5
4.4	-1.532674510773603E-5	-1.1955231466205045E-5
4.5	-1.541395059455815E-5	-1.2218872770673262E-5
4.6000000000000005	-1.552041754362784E-5	-1.2303447881415665E-5
4.7	-1.563191225157137E-5	-1.2371576945307197E-5
4.800000000000001	-1.5703361901319996E-5	-1.2366043069530198E-5
4.9	-1.5916237334956953E-5	-1.2415765688409597E-5
5.0	-1.5921887903902426E-5	-1.2287589056893025E-5
5.1000000000000005	-1.5624971295106266E-5	-1.2251427130136106E-5
5.2	-1.5452201659220783E-5	-1.2409674551992838E-5
5.300000000000001	-1.5257542559329563E-5	-1.2263671362729164E-5
5.4	-1.5402427005570896E-5	-1.2079959381686931E-5
5.5	-1.5430052594833775E-5	-1.2098186871176877E-5
5.6000000000000005	-1.5461168802730494E-5	-1.2100304622586422E-5
5.7	-1.5133613361039224E-5	-1.2094419867094309E-5
5.800000000000001	-1.5018553672567766E-5	-1.1963569344881008E-5
5.9	-1.505127306322221E-5	-1.1944297739480592E-5
6.0	-1.4763712446627607E-5	-1.202816805357913E-5
6.1000000000000005	-1.4687883164065036E-5	-1.2197419890968578E-5
6.2	-1.4848829558077637E-5	-1.2275724143507494E-5
6.300000000000001	-1.4852091293136753E-5	-1.2060576101441559E-5
6.4	-1.4675923218915986E-5	-1.2019371202750756E-5
6.5	-1.4690623170988333E-5	-1.1964096006051182E-5
6.6000000000000005	-1.4853289493487269E-5	-1.1584412179327713E-5
6.7	-1.4741601832423896E-5	-1.1396802067141372E-5
6.800000000000001	-1.4780763500034399E-5	-1.1438045332693465E-5
6.9	-1.4911456092107881E-5	-1.1530565292524175E-5
7.0	-1.4986172290241686E-5	-1.1367651827502267E-5
7.1000000000000005	-1.5048769186191197E-5	-1.1314789090448359E-5
7.2	-1.5060581854424256E-5	-1.1386703180912203E-5
7.300000000000001	-1.4923503428531947E-5	-1.161605156228245E-5
7.4	-1.4821599771105657E-5	-1.1726678097682215E-5
7.5	-1.477504379262064E-5	-1.1571276170196529E-5
7.6000000000000005	-1.4794808840081007E-5	-1.1657833652535425E-5
7.7	-1.4877630196987714E-5	-1.1635105679711048E-5
7.800000000000001	-1.5234464957411104E-5	-1.1694770101471037E-5
7.9	-1.5234841665675303E-5	-1.178151943797692E-5
8.0	-1.5399926113239773E-5	-1.1985313337593591E-5
8.1	-1.5492021593500947E-5	-1.22332925065592E-5
8.200000000000001	-1.5498145885113254E-5	-1.2243101832824662E-5
8.3	-1.5469683725359516E-5	-1.2300456210155598E-5
8.4	-1.5645512949660907E-5	-1.2321589712691825E-5
8.5	-1.5606758875287445E-5	-1.2384187327033424E-5
8.6	-1.5446170663669456E-5	-1.2538447129915186E-5
8.700000000000001	-1.5411743254559053E-5	-1.2811196274385867E-5
8.8	-1.539226530456339E-5	-1.2800592995940532E-5
8.9	-1.5445507389555988E-5	-1.2969992247173936E-5
9.0	-1.5430826854236392E-5	-1.3016247594870237E-5
9.1	-1.5517116588240602E-5	-1.2843870211878135E-5
9.200000000000001	-1.556703749332047E-5	-1.2603003414471486E-5
9.3	-1.551491968293117E-5	-1.268704005998242E-5
9.4	-1.54313684897186E-5	-1.2764161589288013E-5
9.5	-1.5359682423528317E-5	-1.2604588380647457E-5
9.600000000000001	-1.5382131150851988E-5	-1.2721659768211393E-5
9.700000000000001	-1.5546244944130642E-5	-1.287083107495725E-5
9.8	-1.556246131044994E-5	-1.304770514967655E-5
9.9	-1.5764956285671188E-5	-1.3111069785852448E-5
10.0	-1.600467956091079E-5	-1.303242471210028E-5
10.100000000000001	-1.5847925495750816E-5	-1.3183036795768959E-5
10.200000000000001	-1.5809408712716588E-5	-1.320833695608419E-5
10.3	-1.5449101675920363E-5	-1.3272740894147734E-5
10.4	-1.533581703783994E-5	-1.3402137267695587E-5
10.5	-1.5146688457395165E-5	-1.3425437966507591E-5
10.600000000000001	-1.5075502253134272E-5	-1.351874971342501E-5
10.700000000000001	-1.4978919182912067E-5	-1.337146136138855E-5
10.8	-1.486370772650078E-5	-1.339228134666171E-5
10.9	-1.4934666835509116E-5	-1.337281889896402E-5
11.0	-1.494580771623595E-5	-1.3371939386328075E-5
11.100000000000001	-1.4895627532914012E-5	-1.3570077120661522E-5
11.200000000000001	-1.487259860669966E-5	-1.346806006169096E-5
11.3	-1.4939171104299309E-5	-1.3387384728169786E-5
11.4	-1.501638394999935E-5	-1.3464624060591118E-5
11.5	-1.5214715948674593E-5	-1.3323191561512205E-5
11.600000000000001	-1.516766483848453E-5	-1.3323260525451067E-5
11.700000000000001	-1.5159499633074187E-5	-1.3267146273715762E-5
11.8	-1.5085353765266263E-5	-1.3132394057232898E-5
11.9	-1.5107994646850827E-5	-1.3131477284052585E-5
12.0	-1.5151300297669555E-5	-1.2872580776604219E-5
12.100000000000001	-1.5263183343553182E-5	-1.2779192657939306E-5
12.200000000000001	-1.5433195357043204E-5	-1.2803268355666423E-5
12.3	-1.5679057775349863E-5	-1.283219750002808E-5
12.4	-1.5745613157067992E-5	-1.293736620775809E-5
12.5	-1.5886509671400905E-5	-1.2764568955910714E-5
12.600000000000001	-1.5999826805290445E-5	-1.2747376113699245E-5
12.700000000000001	-1.58829876496908E-5	-1.2613645327421325E-5
12.8	-1.5787093048745747E-5	-1.28046699894647E-5
12.9	-1.5718810832204473E-5	-1.3081447794370464E-5
13.0	-1.579842010107462E-5	-1.3104878672003777E-5
13.100000000000001	-1.5805564173500582E-5	-1.3111083007137036E-5
13.200000000000001	-1.595047730604892E-5	-1.3127776257671869E-5
13.3	-1.6079346298624982E-5	-1.3074016511871457E-5
13.4	-1.6085154464541282E-5	-1.2773701754298634E-5
13.5	-1.5986521359852147E-5	-1.2923454018991007E-5
13.600000000000001	-1.5798281319443625E-5	-1.3036561248883037E-5
13.700000000000001	-1.5513711006905023E-5	-1.337708327270603E-5
13.8	-1.5506744307727E-5	-1.3251763806666094E-5
13.9	-1.550083909768402E-5	-1.3053321643723529E-5
14.0	-1.5339936932684794E-5	-1.3100337426712737E-5
14.100000000000001	-1.5342908027962455E-5	-1.2920027206455166E-5
14.200000000000001	-1.517070827978336E-5	-1.2799040831835082E-5
14.3	-1.5119344658615032E-5	-1.2909923341522986E-5
14.4	-1.5343251570720485E-5	-1.3067106097291551E-5
14.5	-1.525068101448709E-5	-1.2978553251112427E-5
14.600000000000001	-1.5065808291360749E-5	-1.2965437709335901E-5
14.700000000000001	-1.4965113887287326E-5	-1.3015832421146237E-5
14.8	-1.5017702382094417E-5	-1.299609568014568E-5
14.9	-1.5308542205360982E-5	-1.3056916399355303E-5
15.0	-1.5420850037669347E-5	-1.314009770544882E-5
15.100000000000001	-1.5146110326219935E-5	-1.3211324689477581E-5
15.200000000000001	-1.5088874425861846E-5	-1.326240389272292E-5
15.3	-1.5016561802540219E-5	-1.3224486802201598E-5
15.4	-1.5148538272735986E-5	-1.3190610081418145E-5
15.5	-1.537053427278464E-5	-1.3253864396343149E-5
15.600000000000001	-1.5511504692496285E-5	-1.3268224977840139E-5
15.700000000000001	-1.5401379707075065E-5	-1.3437098033128246E-5
15.8	-1.536176710190934E-5	-1.3369043601722202E-5
15.9	-1.5266256059295782E-5	-1.3366941646263887E-5
16.0	-1.5162639477402063E-5	-1.3458784703849688E-5
16.1	-1.5032501070433275E-5	-1.3400729191637933E-5
16.2	-1.4899987037320137E-5	-1.3421945603366536E-5
16.3	-1.4853958035148251E-5	-1.3424509301073807E-5
16.400000000000002	-1.4770884982208829E-5	-1.3505043449485397E-5
16.5	-1.4814122809874789E-5	-1.3444690842544455E-5
16.6	-1.4950524706777733E-5	-1.3334191297488109E-5
16.7	-1.5058814088584648E-5	-1.3408552208871848E-5
16.8	-1.4940195063688905E-5	-1.3444176370295188E-5
16.900000000000002	-1.4901796874372822E-5	-1.3475777124055166E-5
17.0	-1.4753586258245521E-5	-1.3456980431576421E-5
17.1	-1.4675374739365289E-5	-1.3345939548883371E-5
17.2	-1.4517486502730581E-5	-1.3126824940713954E-5
17.3	-1.4624336437501096E-5	-1.304233652853269E-5
17.400000000000002	-1.4758462116872597E-5	-1.3161164258541825E-5
17.5	-1.4845074296443581E-5	-1.3169175977166076E-5
17.6	-1.4859284551122697E-5	-1.3237335593707482E-5
17.7	-1.482445107591116E-5	-1.3312265692617867E-5
17.8	-1.468177364983381E-5	-1.3160293557528298E-5
17.900000000000002	-1.464395147216271E-5	-1.3040956716937075E-5
18.0	-1.4565771600388462E-5	-1.3063574028674325E-5
18.1	-1.4438191470144339E-5	-1.3042530120309088E-5
18.2	-1.4338058192655885E-5	-1.3034903938417896E-5
18.3	-1.4228164850052913E-5	-1.302812299520175E-5
18.400000000000002	-1.4279397624926274E-5	-1.3201743686398973E-5
18.5	-1.4327039016923685E-5	-1.309291210181375E-5
18.6	-1.4406768583383918E-5	-1.3007543821581726E-5
18.7	-1.3994311643648105E-5	-1.2836761160381432E-5
18.8	-1.3979081654903809E-5	-1.3098498913307507E-5
18.900000000000002	-1.4011705065071965E-5	-1.3149653147944616E-5
19.0	-1.398583796493174E-5	-1.3159896519244388E-5
19.1	-1.3965179944992486E-5	-1.3224195394105105E-5
19.200000000000003	-1.3987295472925227E-5	-1.3226332859673538E-5
19.3	-1.4028899995320824E-5	-1.3213480310229229E-5
19.400000000000002	-1.4054678902872184E-5	-1.3228136832227904E-5
19.5	-1.4039056244846365E-5	-1.3201400022666187E-5
19.6	-1.4117983909103247E-5	-1.3161864807319728E-5
19.700000000000003	-1.4113717632256515E-5	-1.3286325036830216E-5
19.8	-1.4236732679844398E-5	-1.316399563538716E-5
19.900000000000002	-1.414457188895662E-5	-1.3201978831012444E-5
20.0	-1.4041288985377332E-5	-1.3210592651331917E-5
20.1	-1.399376775012724E-5	-1.3297825675467998E-5
20.200000000000003	-1.4019180509272083E-5	-1.3268627879255216E-5
20.3	-1.3902187407455267E-5	-1.3195293832606106E-5
20.400000000000002	-1.3981576255096301E-5	-1.3405412998916612E-5
20.5	-1.4147434066668126E-5	-1.3262144473208539E-5
20.6	-1.427727256222294E-5	-1.3361424898090409E-5
20.700000000000003	-1.4320196797626493E-5	-1.3250976869898324E-5
20.8	-1.4080918113044914E-5	-1.3315699082061937E-5
20.900000000000002	-1.4052625283957275E-5	-1.3355929330302278E-5
21.0	-1.406637575866411E-5	-1.3416661108683051E-5
21.1	-1.4254538109906714E-5	-1.345415924209287E-5
21.200000000000003	-1.4489377026546413E-5	-1.323892681277986E-5
21.3	-1.4415544848004946E-5	-1.3200781849577616E-5
21.400000000000002	-1.4456172208187989E-5	-1.313506438802203E-5
21.5	-1.4211934256102436E-5	-1.3141878278456874E-5
21.6	-1.4142255923157518E-5	-1.3265155487831299E-5
21.700000000000003	-1.4308719850994859E-5	-1.3378366233900004E-5
21.8	-1.4187323667144422E-5	-1.336252475323459E-5
21.900000000000002	-1.411379839800406E-5	-1.3193999594752071E-5
22.0	-1.393682753887826E-5	-1.3307509416022772E-5
22.1	-1.3887730879040101E-5	-1.3505881831861242E-5
22.200000000000003	-1.3917185872245576E-5	-1.3424864681396761E-5
22.3	-1.3685866807070201E-5	-1.3623936322530897E-5
22.400000000000002	-1.3642045972996042E-5	-1.3584807425095741E-5
22.5	-1.3692196512415089E-5	-1.3461782352041914E-5
22.6	-1.3756093446149956E-5	-1.324833296834578E-5
22.700000000000003	-1.3505174014114276E-5	-1.3099768370328353E-5
22.8	-1.3471879253846936E-5	-1.3179602053444998E-5
22.900000000000002	-1.3632230429837322E-5	-1.3144122947150333E-5
23.0	-1.3732209453015367E-5	-1.3173166473715812E-5
23.1	-1.3895120034523738E-5	-1.3161212860202356E-5
23.200000000000003	-1.395475147349071E-5	-1.3270578773354621E-5
23.3	-1.3941911858741517E-5	-1.332246205423624E-5
23.400000000000002	-1.4144797071567107E-5	-1.3311448517923656E-5
23.5	-1.4162553764921706E-5	-1.3406599201029703E-5
23.6	-1.4263776667060345E-5	-1.3345834779305992E-5
23.700000000000003	-1.4315224092616223E-5	-1.33020308800254E-5
23.8	-1.4248347798891524E-5	-1.3318685975503665E-5
23.900000000000002	-1.4268442766467078E-5	-1.330734253439628E-5
24.0	-1.4432246343471717E-5	-1.3385381994786038E-5
24.1	-1.4236351444474953E-5	-1.3459117298739469E-5
24.200000000000003	-1.4238916204457437E-5	-1.3625646407542889E-5
24.3	-1.4091287541408508E-5	-1.3631927016282082E-5
24.400000000000002	-1.4005590672075052E-5	-1.3677106641088922E-5
24.5	-1.3940040849897492E-5	-1.37442106181983E-5
24.6	-1.3967358726778809E-5	-1.371758594770044E-5
24.700000000000003	-1.4095649608263075E-5	-1.3852356993490767E-5
24.8	-1.4200365880073098E-5	-1.3818894587050896E-5
24.900000000000002	-1.4318325409578489E-5	-1.3716535183335158E-5
25.0	-1.4456567460601646E-5	-1.3772237964725537E-5
25.1	-1.463311406303535E-5	-1.3793058579338444E-5
25.200000000000003	-1.4773235419172582E-5	-1.3910130066544958E-5
25.3	-1.4984549044558743E-5	-1.3835063821076684E-5
25.400000000000002	-1.526021984926214E-5	-1.369007153424075E-5
25.5	-1.5356021732867256E-5	-1.3516084243115715E-5
25.6	-1.5371503565771254E-5	-1.3386417484658887E-5
25.700000000000003	-1.535703578868193E-5	-1.3232620545761943E-5
25.8	-1.5282475708432085E-5	-1.3386063821324768E-5
25.900000000000002	-1.5292812507977242E-5	-1.3558367591362637E-5
26.0	-1.558983026720353E-5	-1.3423315680780585E-5
26.1	-1.5653157867571785E-5	-1.350764707916141E-5
26.200000000000003	-1.5714538362755708E-5	-1.3759002978492176E-5
26.3	-1.5800755580299755E-5	-1.3809819440517031E-5
26.400000000000002	-1.595787957277173E-5	-1.3879083588899122E-5
26.5	-1.595481955037022E-5	-1.3728885513052432E-5
26.6	-1.5952490695890427E-5	-1.3949550261419273E-5
26.700000000000003	-1.6111657277801178E-5	-1.3817823248423614E-5
26.8	-1.6112397794673508E-5	-1.3925325548331829E-5
26.900000000000002	-1.6158255632605067E-5	-1.4023940780943536E-5
27.0	-1.6177087505524905E-5	-1.384591090892638E-5
27.1	-1.6126184747731823E-5	-1.3782425899559805E-5
27.200000000000003	-1.624482505420031E-5	-1.3887900788658059E-5
27.3	-1.6366097700711513E-5	-1.3886484898271454E-5
27.400000000000002	-1.645824707269129E-5	-1.3786776747017786E-5
27.5	-1.6437235061282862E-5	-1.359025781955265E-5
27.6	-1.6522847603114047E-5	-1.3368039536040313E-5
27.700000000000003	-1.6423494018448804E-5	-1.3584959578893542E-5
27.8	-1.6424087181227607E-5	-1.3666001507472432E-5
27.900000000000002	-1.642030565046915E-5	-1.3641664805071711E-5
28.0	-1.6330338814900528E-5	-1.357918067492069E-5
28.1	-1.6377119815063344E-5	-1.3597442910364904E-5
28.200000000000003	-1.6759301291824863E-5	-1.3614852016849999E-5
28.3	-1.7017335821748105E-5	-1.345365754811031E-5
28.400000000000002	-1.7001733481078333E-5	-1.3411462438140526E-5
28.5	-1.6955774198443902E-5	-1.3466534346544886E-5
28.6	-1.6877553973144275E-5	-1.3562164798292163E-5
28.700000000000003	-1.6646044752629245E-5	-1.3600115328888094E-5
28.8	-1.66111272550156E-5	-1.366255066552384E-5
28.900000000000002	-1.6633662971848164E-5	-1.3784285370221196E-5
29.0	-1.652514608969264E-5	-1.3846814861502787E-5
29.1	-1.6796702416626145E-5	-1.390576161584439E-5
29.200000000000003	-1.696647721439534E-5	-1.3956389945771765E-5
29.3	-1.706710115419978E-5	-1.3822039524258335E-5
29.400000000000002	-1.7033385979526076E-5	-1.3641442068462498E-5
29.5	-1.7258290170125364E-5	-1.358449254965602E-5
29.6	-1.771759170506686E-5	-1.3650199516367186E-5
29.700000000000003	-1.8047342318718793E-5	-1.3690087588499163E-5
29.8	-1.7958913605227576E-5	-1.3702515715681665E-5
29.900000000000002	-1.798278192306575E-5	-1.368330790881445E-5
30.0	-1.7813633167512236E-5	-1.3541537925855015E-5
30.1	-1.7713979280419144E-5	-1.345360478532737E-5
30.200000000000003	-1.7568177800716755E-5	-1.3476780937429928E-5
30.3	-1.7428152801832327E-5	-1.344830177824692E-5
30.400000000000002	-1.7372980802220388E-5	-1.3302945275340122E-5
30.5	-1.736913473079928E-5	-1.333665353915796E-5
