analysis6
t	x	y
0.0	-1.3468467102054857E-6	-1.6945944226732475E-5
0.1	-1.5931491418841824E-6	-1.697626548431683E-5
0.2	-2.019017471331052E-6	-1.7116539443800126E-5
0.30000000000000004	-2.230407158293413E-6	-1.717399215597565E-5
0.4	-2.2834354998431156E-6	-1.7359706916986185E-5
0.5	-2.3161840041110638E-6	-1.7347925467049263E-5
0.6000000000000001	-2.2638528686333233E-6	-1.7453223466823175E-5
0.7000000000000001	-2.208323609929716E-6	-1.7649155813657542E-5
0.8	-2.0704925558031297E-6	-1.765685010333184E-5
0.9	-1.9432706327910575E-6	-1.7652471920626553E-5
1.0	-1.7801181644819155E-6	-1.7825850264725434E-5
1.1	-1.886621722295454E-6	-1.765296758302088E-5
1.2000000000000002	-1.578073238160461E-6	-1.7607340705883607E-5
1.3	-1.5587757851013618E-6	-1.754873730522849E-5
1.4000000000000001	-1.5574369201043771E-6	-1.7431759907466267E-5
1.5	-1.3706750335289677E-6	-1.738031837640149E-5
1.6	-1.3247098832252444E-6	-1.735617238384075E-5
1.7000000000000002	-1.0862052500165977E-6	-1.740181225532062E-5
1.8	-8.881182709702631E-7	-1.735327991760615E-5
1.9000000000000001	-1.0609565391072332E-6	-1.7281273613713873E-5
2.0	-1.356479224329719E-6	-1.7424078121479386E-5
2.1	-1.47496560216365E-6	-1.7308345804735972E-5
2.2	-1.3349278921641572E-6	-1.7208846951876994E-5
2.3000000000000003	-1.188377250877099E-6	-1.7263233056188843E-5
2.4000000000000004	-1.0860080781865126E-6	-1.742552977966529E-5
2.5	-1.065646556823147E-6	-1.753165608907074E-5
2.6	-1.0954477674061496E-6	-1.7691069295686557E-5
2.7	-1.0942320289932886E-6	-1.753085614356294E-5
2.8000000000000003	-1.061436615342414E-6	-1.7596040999147523E-5
2.9000000000000004	-1.0768521465652129E-6	-1.7618713418470377E-5
3.0	-1.1634479090335618E-6	-1.7698376056249758E-5
3.1	-1.3078071514111174E-6	-1.7687344905356678E-5
3.2	-1.3025759028177325E-6	-1.766272944914841E-5
3.3000000000000003	-1.1024713601179675E-6	-1.772649958335694E-5
3.4000000000000004	-8.390963918279064E-7	-1.7650237574422797E-5
3.5	-8.837190905527128E-7	-1.7529167535182018E-5
3.6	-7.661910327702562E-7	-1.7485356588774777E-5
3.7	-6.530601444530728E-7	-1.743490822646649E-5
3.8000000000000003	-6.464640693522281E-7	-1.7427018915661946E-5
3.9000000000000004	-7.281328354536663E-7	-1.777475010479149E-5
4.0	-1.0674797870569689E-6	-1.767944844954384E-5
4.1000000000000005	-1.1917085172856494E-6	-1.770350543083834E-5
4.2	-1.3350682908901818E-6	-1.79993715836171E-5
4.3	-1.3813374846292445E-6	-1.7991750394839973E-5
4.4	-1.3439550307852663E-6	-1.8066443764547088E-5
4.5	-1.288255634990449E-6	-1.8133611426615275E-5
4.6000000000000005	-1.14538787331649E-6	-1.819540080997459E-5
4.7	-9.756358129663531E-7	-1.814264277532292E-5
4.800000000000001	-9.579311223299733E-7	-1.8232535553204273E-5
4.9	-1.0606230481708629E-6	-1.823481724051995E-5
5.0	-1.1131535521180093E-6	-1.8204279219887097E-5
5.1000000000000005	-1.1939465497663292E-6	-1.8121149045717898E-5
5.2	-1.072014539258631E-6	-1.826133566569124E-5
5.300000000000001	-8.883026521462194E-7	-1.8188104818987944E-5
5.4	-8.405577866825502E-7	-1.8275793388498227E-5
5.5	-8.921718755467448E-7	-1.811992398539403E-5
5.6000000000000005	-9.053312819747112E-7	-1.8094992097769415E-5
5.7	-1.0123234296798039E-6	-1.7868596002235153E-5
5.800000000000001	-1.215081932772708E-6	-1.778682865861086E-5
5.9	-1.3125104285036465E-6	-1.769404727820566E-5
6.0	-1.3153478879526271E-6	-1.7631755565516038E-5
6.1000000000000005	-1.2714502953112738E-6	-1.759516824711582E-5
6.2	-1.2900106327418077E-6	-1.7247521795689203E-5
6.300000000000001	-1.2418616504776973E-6	-1.7251735749559525E-5
6.4	-1.0873425488996374E-6	-1.7051036230700077E-5
6.5	-9.50935218120261E-7	-1.701620344911823E-5
6.6000000000000005	-9.504389817025877E-7	-1.6912394574314076E-5
6.7	-7.304487725474587E-7	-1.6837975376782998E-5
6.800000000000001	-8.25375733595109E-7	-1.6812295646758276E-5
6.9	-8.927299429070871E-7	-1.6855288235495876E-5
7.0	-8.792534103873765E-7	-1.701372792231356E-5
7.1000000000000005	-7.191392571461429E-7	-1.718995817833495E-5
7.2	-6.455114324720946E-7	-1.722018685130228E-5
7.300000000000001	-5.805820334571136E-7	-1.721711691801575E-5
7.4	-4.791291641843734E-7	-1.72234006266402E-5
7.5	-1.8947501086752122E-7	-1.721091703036546E-5
7.6000000000000005	-7.683759483754072E-8	-1.748134352849921E-5
7.7	6.411627040899567E-8	-1.750375995406382E-5
7.800000000000001	-5.712266544726072E-9	-1.735081561396496E-5
7.9	-1.0891585977694686E-7	-1.74359490741576E-5
8.0	-5.4530004668858786E-8	-1.7270777920522252E-5
8.1	3.804898909762482E-8	-1.7000639490984248E-5
8.200000000000001	1.4807795059138841E-8	-1.701105771633543E-5
8.3	-2.2098596990587327E-7	-1.7234472367825232E-5
8.4	-2.7968028202915603E-7	-1.7463099551002016E-5
8.5	1.1029269950087802E-8	-1.7566624567959208E-5
8.6	9.073271752343568E-8	-1.7534489410064916E-5
8.700000000000001	-1.2516650163127885E-8	-1.7669059244980066E-5
8.8	7.715996925916564E-8	-1.7689539509229676E-5
8.9	2.52348871803371E-7	-1.769880026133721E-5
9.0	3.177368820434114E-7	-1.7727385857393768E-5
9.1	1.941985798556081E-7	-1.7620189511423912E-5
9.200000000000001	2.2184270371825233E-7	-1.770927693907996E-5
9.3	5.106808364572601E-8	-1.762675207234699E-5
9.4	3.6119755566653335E-8	-1.7422454498398962E-5
9.5	2.3498816190403997E-7	-1.7495004823443878E-5
9.600000000000001	4.821374102318744E-7	-1.746147607281265E-5
9.700000000000001	9.172669207186803E-7	-1.717751399759978E-5
9.8	1.0127419292584844E-6	-1.7200394736573816E-5
9.9	1.134197291538412E-6	-1.714141125920588E-5
10.0	1.1643883668606818E-6	-1.6971045552975756E-5
10.100000000000001	1.163258550073504E-6	-1.7050435387204128E-5
10.200000000000001	1.1266764184954164E-6	-1.709106270106344E-5
10.3	1.2290114714702289E-6	-1.714205505936012E-5
10.4	1.2887982834986424E-6	-1.730908022128041E-5
10.5	1.1565330663599612E-6	-1.7467777568485057E-5
10.600000000000001	1.1687105258336239E-6	-1.7301306376400306E-5
10.700000000000001	1.2818537255196913E-6	-1.7464159948981056E-5
10.8	1.2798145712932424E-6	-1.745379837261037E-5
10.9	1.4472110349463826E-6	-1.7369704101549183E-5
11.0	1.2543330838131879E-6	-1.7325721156068334E-5
11.100000000000001	1.3212378574385214E-6	-1.7352185676898965E-5
11.200000000000001	1.2081866937986373E-6	-1.753375168847754E-5
11.3	1.1814337654132375E-6	-1.755582306387405E-5
11.4	1.0463345868524357E-6	-1.7403725569434093E-5
11.5	9.507587655381621E-7	-1.7356425758659327E-5
11.600000000000001	9.534485517214913E-7	-1.7584078697153083E-5
11.700000000000001	1.003845367821796E-6	-1.7585600143431074E-5
11.8	1.1035281575716524E-6	-1.7497509465127683E-5
11.9	1.3490015498775394E-6	-1.7494172020045478E-5
12.0	1.312616043686011E-6	-1.752724868834514E-5
12.100000000000001	1.4068560372100164E-6	-1.7364210043293832E-5
12.200000000000001	1.6001236696471666E-6	-1.7371535848264788E-5
12.3	1.7139113245526007E-6	-1.7473583924496274E-5
12.4	1.8959894320665123E-6	-1.7525503967215574E-5
12.5	1.653626126210103E-6	-1.756815090246467E-5
12.600000000000001	1.741087353667203E-6	-1.7656661792399488E-5
12.700000000000001	1.773738952920045E-6	-1.7613277389014457E-5
12.8	1.6257042525761155E-6	-1.7860348652678663E-5
12.9	1.5433420712513112E-6	-1.799745938427858E-5
13.0	1.3364319724299624E-6	-1.810140567206943E-5
13.100000000000001	1.3839843085200707E-6	-1.7920868393787493E-5
13.200000000000001	1.8098874417854857E-6	-1.8026560261377263E-5
13.3	1.7410878160426278E-6	-1.8121683833586496E-5
13.4	1.6685167186693628E-6	-1.8241737033589972E-5
13.5	1.6550853762897208E-6	-1.8145536247316073E-5
13.600000000000001	1.9074388650466533E-6	-1.8144199402639584E-5
13.700000000000001	1.9082888572246684E-6	-1.8237940928128254E-5
13.8	1.910808312110232E-6	-1.8030886600342013E-5
13.9	1.9669801560286005E-6	-1.774439933050299E-5
14.0	1.822598265441389E-6	-1.7622736163719293E-5
14.100000000000001	1.9778964565092498E-6	-1.7688177325143133E-5
14.200000000000001	1.950819807015723E-6	-1.7548175007310566E-5
14.3	1.967116180532212E-6	-1.731250775939059E-5
14.4	2.043180303150252E-6	-1.7135854371315697E-5
14.5	2.0202282958028936E-6	-1.7203487489948844E-5
14.600000000000001	1.9514291752986546E-6	-1.712983011471833E-5
14.700000000000001	1.8053015261810653E-6	-1.7347402171904213E-5
14.8	1.5088549665736526E-6	-1.7551956277806238E-5
14.9	1.654259912126145E-6	-1.7389703523658084E-5
15.0	1.621303348103232E-6	-1.7585966817252588E-5
15.100000000000001	1.657164410740496E-6	-1.755727382211662E-5
15.200000000000001	1.7198347108429138E-6	-1.7318519681339858E-5
15.3	1.7344594033580953E-6	-1.7158339202904216E-5
15.4	1.7476584792829904E-6	-1.7084490793245584E-5
15.5	1.6630822538813667E-6	-1.7251872395859554E-5
15.600000000000001	1.6427925771275812E-6	-1.7592393940465518E-5
15.700000000000001	1.572930725602238E-6	-1.7744838809304376E-5
15.8	1.2950192514360237E-6	-1.7604293059555596E-5
15.9	1.0958763202921243E-6	-1.7618080418958473E-5
16.0	1.051580360022749E-6	-1.7754798050635944E-5
16.1	1.1788842900370368E-6	-1.7670040757201947E-5
16.2	1.3952148934410572E-6	-1.7783132026462485E-5
16.3	1.3430305548184381E-6	-1.769123366455143E-5
16.400000000000002	1.4122951329257339E-6	-1.7663521775923043E-5
16.5	1.490400749908045E-6	-1.748929724336872E-5
16.6	1.4599497642513501E-6	-1.7527468260145784E-5
16.7	1.3552895101202463E-6	-1.7559772540649344E-5
16.8	1.1058442677043285E-6	-1.7693770497284134E-5
16.900000000000002	1.1256464650532218E-6	-1.7777624413992398E-5
17.0	1.0297091399611282E-6	-1.7634708266941936E-5
17.1	8.312282557358043E-7	-1.7721412185035068E-5
17.2	6.071005532937013E-7	-1.7696607410424368E-5
17.3	6.922613850301291E-7	-1.795219926299977E-5
17.400000000000002	5.444250735729458E-7	-1.7977807043480907E-5
17.5	3.5819291541060774E-7	-1.790697641106342E-5
17.6	4.2117669836013496E-7	-1.7695715056958536E-5
17.7	3.6089738819231E-7	-1.7586612721873968E-5
17.8	2.2485789982383612E-7	-1.754998388165516E-5
17.900000000000002	2.3665369962936884E-7	-1.786086006610405E-5
18.0	-5.5174243193704335E-8	-1.7949652531296413E-5
18.1	-3.1527647241349815E-7	-1.8034314927363854E-5
18.2	-4.332407099951228E-7	-1.8232302068459206E-5
18.3	-5.432928497745525E-7	-1.8149211466296038E-5
18.400000000000002	-4.473719746372266E-7	-1.8207806575960932E-5
18.5	-5.002789143287721E-7	-1.8300166633179122E-5
18.6	-4.810739145853061E-7	-1.8068845169516137E-5
18.7	-3.8906298147165386E-7	-1.7937063329532354E-5
18.8	-4.406393068730408E-7	-1.7969756258814005E-5
18.900000000000002	-5.221789640488206E-7	-1.8173473455720616E-5
19.0	-5.750861218079209E-7	-1.8309027571758228E-5
19.1	-5.322825718604969E-7	-1.8421046235707217E-5
19.200000000000003	-4.2237584372078704E-7	-1.8542972942089118E-5
19.3	-3.7601412875107754E-7	-1.8480544888962576E-5
19.400000000000002	-3.4248645076468385E-7	-1.8221776385551898E-5
19.5	-1.9603889506752172E-7	-1.8095814881471296E-5
19.6	-3.32861169718316E-7	-1.8202427433590542E-5
19.700000000000003	-4.226268162692352E-7	-1.8413642065631776E-5
19.8	-3.889956346129461E-7	-1.8358277506353484E-5
19.900000000000002	-3.4624378880789345E-7	-1.8194011894664164E-5
20.0	-2.931230730400663E-7	-1.8026978158597414E-5
20.1	-3.5337156175577737E-7	-1.7905993447611832E-5
20.200000000000003	-5.631170536625878E-7	-1.8047011996908267E-5
20.3	-3.975667571180127E-7	-1.8147294925507045E-5
20.400000000000002	-2.941509076229059E-7	-1.8033324812763635E-5
20.5	-1.351986701695468E-7	-1.811756468270482E-5
20.6	-1.4510336100172997E-7	-1.825704286372073E-5
20.700000000000003	-7.400965031131141E-8	-1.8399174609878305E-5
20.8	-4.2148693552439455E-7	-1.8358177279806093E-5
20.900000000000002	-5.358398967397366E-7	-1.8373500135195602E-5
21.0	-6.984303916537864E-7	-1.8315092504701832E-5
21.1	-6.230669146201095E-7	-1.823538413959593E-5
21.200000000000003	-6.343767883594184E-7	-1.839074082651433E-5
21.3	-8.685327775986355E-7	-1.8576116005309897E-5
21.400000000000002	-7.869541741780737E-7	-1.862197882246329E-5
21.5	-6.840513562319795E-7	-1.8614761474894155E-5
21.6	-8.246302563258182E-7	-1.859373930161214E-5
21.700000000000003	-7.466760809906258E-7	-1.8559026456424355E-5
21.8	-5.251139891206726E-7	-1.864745487051161E-5
21.900000000000002	-5.597536784083106E-7	-1.864701891422709E-5
22.0	-5.943933676959485E-7	-1.8646582957942577E-5
22.1	-6.290330569835796E-7	-1.8646147001658063E-5
22.200000000000003	-6.636727462712175E-7	-1.8645711045373543E-5
22.3	-6.983124355588555E-7	-1.864527508908903E-5
22.400000000000002	-7.329521248464934E-7	-1.8644839132804515E-5
22.5	-7.675918141341313E-7	-1.8644403176519995E-5
22.6	-8.022315034217692E-7	-1.864396722023548E-5
22.700000000000003	-8.620439517214665E-7	-1.856663683672416E-5
22.8	-9.205025940771941E-7	-1.8745437915902187E-5
22.900000000000002	-9.982397995658782E-7	-1.8807319190098456E-5
23.0	-1.004001548756836E-6	-1.8811975734480382E-5
23.1	-9.015278343685022E-7	-1.8892191008794517E-5
23.200000000000003	-9.516615996866818E-7	-1.8917728177271907E-5
23.3	-9.469638533473018E-7	-1.881648462008611E-5
23.400000000000002	-1.0227210045703496E-6	-1.8876211425054723E-5
23.5	-1.0588585109675596E-6	-1.8647478938591348E-5
23.6	-1.0941519444754682E-6	-1.834747138966025E-5
23.700000000000003	-1.170361631668476E-6	-1.8362022756692524E-5
23.8	-1.0548779288535105E-6	-1.8300344503691502E-5
23.900000000000002	-1.155217886216656E-6	-1.8333306355313238E-5
24.0	-1.0734576319809702E-6	-1.8282812559232172E-5
24.1	-1.277506159687014E-6	-1.8412485281056522E-5
24.200000000000003	-1.3357107658801932E-6	-1.8233864464857553E-5
24.3	-1.3599260930072582E-6	-1.806590510505801E-5
24.400000000000002	-1.404234698476503E-6	-1.8109679728907172E-5
24.5	-1.5721970672048918E-6	-1.8113077281132124E-5
24.6	-1.6433936770642323E-6	-1.830141574623243E-5
24.700000000000003	-1.5493585194828138E-6	-1.8565924097862518E-5
24.8	-1.6371801520973937E-6	-1.86578419164539E-5
24.900000000000002	-1.8069268976767514E-6	-1.8622478972075623E-5
25.0	-1.5303176606373513E-6	-1.864958212117726E-5
25.1	-1.2960199154755348E-6	-1.8542536830647284E-5
25.200000000000003	-1.3251606695222813E-6	-1.8435295031084912E-5
25.3	-1.342977200413241E-6	-1.8547551629930127E-5
25.400000000000002	-1.3245467677060449E-6	-1.8552820404754448E-5
25.5	-1.256876876600942E-6	-1.8429767965632746E-5
25.6	-1.2699721120772614E-6	-1.8599868007103324E-5
25.700000000000003	-1.3445602901957692E-6	-1.855690894960065E-5
25.8	-1.3693057032505149E-6	-1.8541955112939365E-5
25.900000000000002	-1.1969549851497158E-6	-1.8585346618921004E-5
26.0	-1.0711926567812655E-6	-1.852517625595512E-5
26.1	-1.0428837732277783E-6	-1.8353472380625256E-5
26.200000000000003	-1.3335942074158924E-6	-1.816475215028531E-5
26.3	-1.5358237624214872E-6	-1.8032786167747885E-5
26.400000000000002	-1.584583225190084E-6	-1.7998774135979278E-5
26.5	-1.5409642596207068E-6	-1.8172526890688768E-5
26.6	-1.6090811237340978E-6	-1.8325817280737334E-5
26.700000000000003	-1.875992892902531E-6	-1.8336424783017072E-5
26.8	-1.986045078331507E-6	-1.8468092886870416E-5
26.900000000000002	-2.0320770329587508E-6	-1.854123769555707E-5
27.0	-1.8345740087498977E-6	-1.861529273055987E-5
27.1	-1.565083369961511E-6	-1.8553842267104237E-5
27.200000000000003	-1.5159557905514628E-6	-1.8276494579403323E-5
27.3	-1.1378420883124846E-6	-1.8295086907317572E-5
27.400000000000002	-8.258233759408533E-7	-1.82466382891629E-5
27.5	-8.649479766346271E-7	-1.8412518491786492E-5
27.6	-8.566841088647378E-7	-1.8334419082731216E-5
27.700000000000003	-9.623947821688308E-7	-1.8323234353601304E-5
27.8	-1.0127271161100213E-6	-1.8164313637204306E-5
27.900000000000002	-1.0365332628385786E-6	-1.7913955828167886E-5
28.0	-9.992552810780234E-7	-1.7834122067739874E-5
28.1	-1.0327152864995454E-6	-1.78327564699894E-5
28.200000000000003	-9.180690045222572E-7	-1.7924516778973367E-5
28.3	-1.0328934716862301E-6	-1.7995591681276937E-5
28.400000000000002	-1.3156412129819252E-6	-1.8055394446212932E-5
28.5	-1.086778725314927E-6	-1.8248602269959313E-5
28.6	-1.0351414816493055E-6	-1.828354497641478E-5
28.700000000000003	-1.0883102088791194E-6	-1.8275993452401747E-5
28.8	-1.1664980700563376E-6	-1.8188228151268178E-5
28.900000000000002	-1.2617386059491346E-6	-1.8141829006503752E-5
29.0	-1.2616552217830737E-6	-1.8159941015943438E-5
29.1	-1.3004590634819752E-6	-1.8032354994167037E-5
29.200000000000003	-1.2063537722831983E-6	-1.8001908361914955E-5
29.3	-1.070478502115367E-6	-1.78931597362349E-5
29.400000000000002	-9.715842426928411E-7	-1.7877076168868276E-5
29.5	-9.681528312816757E-7	-1.7785349941233556E-5
29.6	-8.607402698235713E-7	-1.7517353110285595E-5
29.700000000000003	-8.481618424923659E-7	-1.7419495127648683E-5
29.8	-8.134824390774843E-7	-1.737208273549195E-5
29.900000000000002	-9.351370143920843E-7	-1.7340987771709167E-5
30.0	-1.2436978677392248E-6	-1.733225576797357E-5
30.1	-1.098572160579727E-6	-1.7220402447042516E-5
30.200000000000003	-8.659119760058546E-7	-1.7055025144084038E-5
30.3	-7.029301740007251E-7	-1.7134319423179952E-5
30.400000000000002	-5.082787167765828E-7	-1.6988429097314478E-5
30.5	-4.551859090060867E-7	-1.6973076122172064E-5
