analysis4
t	x	y
0.0	8.211435520076234E-6	6.2184341269078575E-6
0.1	8.39231090028977E-6	6.0403450670997615E-6
0.2	8.485870887268026E-6	5.733289619412136E-6
0.30000000000000004	8.47442292523679E-6	5.663355531431735E-6
0.4	8.408784596745089E-6	5.774347496742979E-6
0.5	8.349702766487816E-6	5.892875124451624E-6
0.6000000000000001	8.41621898455506E-6	5.7982788775440005E-6
0.7000000000000001	8.638261333938296E-6	5.6241641343302005E-6
0.8	8.480335477044263E-6	5.489600955186826E-6
0.9	8.584455260631268E-6	5.4065372695816095E-6
1.0	8.728078639377055E-6	5.424494098949212E-6
1.1	8.786827831612722E-6	5.297291834291935E-6
1.2000000000000002	8.972343160166666E-6	5.293312281779969E-6
1.3	9.138065103931753E-6	5.339283879838718E-6
1.4000000000000001	9.185577770487928E-6	5.328921887695936E-6
1.5	9.406778370752419E-6	5.289764159202861E-6
1.6	9.384500850102884E-6	5.28827837757477E-6
1.7000000000000002	9.121355462123999E-6	5.299092534797155E-6
1.8	8.889069036100454E-6	5.342917155565325E-6
1.9000000000000001	8.715736027657368E-6	5.322613937157315E-6
2.0	8.672441922413818E-6	5.303714270320194E-6
2.1	8.763834036215678E-6	5.456127610577182E-6
2.2	9.031148278470457E-6	5.35949440549627E-6
2.3000000000000003	9.252744648227688E-6	5.364260216776913E-6
2.4000000000000004	9.535742586778556E-6	5.315547406576257E-6
2.5	9.496251926798973E-6	5.299102292872538E-6
2.6	9.518703179384491E-6	5.003177525825972E-6
2.7	9.49795091977573E-6	4.961695498355639E-6
2.8000000000000003	9.725294084904743E-6	5.038943501671825E-6
2.9000000000000004	9.939293084138306E-6	5.147214777992615E-6
3.0	1.0167557467462579E-5	5.109301915269574E-6
3.1	1.0316466216907955E-5	5.215982804800247E-6
3.2	1.0564105367305114E-5	5.422855369185536E-6
3.3000000000000003	1.0572110933299777E-5	5.508573129433766E-6
3.4000000000000004	1.0756468339989129E-5	5.419721087792813E-6
3.5	1.0648057130542556E-5	5.252943677589454E-6
3.6	1.058182066118604E-5	5.277676601513149E-6
3.7	1.0593740638732044E-5	5.279432492850965E-6
3.8000000000000003	1.0697893204227435E-5	5.50906438929809E-6
3.9000000000000004	1.0593101123291874E-5	5.388595698044979E-6
4.0	1.071072019763561E-5	5.136852797390085E-6
4.1000000000000005	1.0698247836615913E-5	5.074607459103099E-6
4.2	1.0738457514809998E-5	4.943980956841049E-6
4.3	1.0525309595724022E-5	4.919900784949891E-6
4.4	1.0427734746961278E-5	5.0993740527508466E-6
4.5	1.030384612828665E-5	5.275291173758881E-6
4.6000000000000005	1.0297399208051334E-5	5.264524915031366E-6
4.7	1.0537778785171718E-5	5.178116530658895E-6
4.800000000000001	1.061419000734922E-5	5.460944372610635E-6
4.9	1.057063442499806E-5	5.638709504049868E-6
5.0	1.0587269053709981E-5	5.623624223693592E-6
5.1000000000000005	1.0603265409862626E-5	5.655371784457762E-6
5.2	1.0585744203736113E-5	5.758107443749893E-6
5.300000000000001	1.0747420670504606E-5	5.7232274901437196E-6
5.4	1.0751716363436994E-5	5.737116660810457E-6
5.5	1.073714679733264E-5	5.938436065339402E-6
5.6000000000000005	1.074473487512646E-5	6.0579547863026325E-6
5.7	1.0684624231372852E-5	5.955016721433896E-6
5.800000000000001	1.0679569857286119E-5	5.645244148523346E-6
5.9	1.084037394993603E-5	5.455788493409729E-6
6.0	1.0906864253327202E-5	5.323056960599465E-6
6.1000000000000005	1.0805091091505997E-5	5.195083462658033E-6
6.2	1.0642133191872967E-5	5.1813548026612805E-6
6.300000000000001	1.0505411866862815E-5	5.1996078333710505E-6
6.4	1.0200085130642441E-5	5.477007527187981E-6
6.5	1.0046112851860843E-5	5.66983509362406E-6
6.6000000000000005	1.0026887678110442E-5	5.764958242369718E-6
6.7	1.0033086616347324E-5	5.748800555685985E-6
6.800000000000001	9.91304958182235E-6	5.58453908949636E-6
6.9	9.588449598234981E-6	5.622158514502456E-6
7.0	9.471666495108301E-6	5.7307569763417685E-6
7.1000000000000005	9.565088742536161E-6	5.9915075475509955E-6
7.2	9.712475545145821E-6	6.0644395618521115E-6
7.300000000000001	9.663813654064303E-6	6.240390617330715E-6
7.4	9.62072066280703E-6	6.254068003875353E-6
7.5	9.686556668872112E-6	6.384398429173201E-6
7.6000000000000005	9.82575644533465E-6	6.354190200739812E-6
7.7	9.726904576664592E-6	6.071715142465174E-6
7.800000000000001	9.511975082042254E-6	6.08776246421443E-6
7.9	9.584374737749757E-6	6.0591689787459915E-6
8.0	9.575455777004431E-6	5.9305460483399325E-6
8.1	9.426695485015316E-6	5.889510887394544E-6
8.200000000000001	9.378285187115755E-6	5.8141993896456385E-6
8.3	9.354251956735964E-6	5.793351195989499E-6
8.4	9.389707802352693E-6	5.9013956991313965E-6
8.5	9.388935715406694E-6	6.189375349635065E-6
8.6	9.566813915988619E-6	6.194967239882499E-6
8.700000000000001	9.663803352038347E-6	6.0588629474283065E-6
8.8	9.645227752212312E-6	6.121641908945185E-6
8.9	9.772536453492394E-6	6.16267466618791E-6
9.0	9.665446704761563E-6	6.413187804543419E-6
9.1	9.732121161068579E-6	6.509249483646207E-6
9.200000000000001	9.96913733876683E-6	6.568841651225855E-6
9.3	9.968355037786663E-6	6.572337551774009E-6
9.4	1.0029719179947733E-5	6.587664462301295E-6
9.5	1.0221667189675472E-5	6.5164044373984814E-6
9.600000000000001	1.0235631415016673E-5	6.410116886842844E-6
9.700000000000001	1.0336343943306789E-5	6.5933365332578134E-6
9.8	1.03023088949809E-5	6.478389550230921E-6
9.9	1.0449684879327324E-5	6.666640714656586E-6
10.0	1.0595979896862162E-5	6.745073503162338E-6
10.100000000000001	1.0824742502008252E-5	6.978115849299988E-6
10.200000000000001	1.090382480677623E-5	7.0099751530343E-6
10.3	1.1006217681857677E-5	7.0417222133990455E-6
10.4	1.1085526231346652E-5	7.081167632510177E-6
10.5	1.1124953976438945E-5	6.947498089431679E-6
10.600000000000001	1.0888830116296558E-5	7.188389282048392E-6
10.700000000000001	1.1033488001927585E-5	7.109272035455417E-6
10.8	1.0917017919876504E-5	7.079552666563709E-6
10.9	1.075625980889072E-5	6.919745675964869E-6
11.0	1.0468771127119138E-5	6.892252610945946E-6
11.100000000000001	1.0683464373615691E-5	6.7456738483538426E-6
11.200000000000001	1.0758818368588147E-5	6.795994744529256E-6
11.3	1.0807214940271622E-5	6.755461821181722E-6
11.4	1.0840907408808647E-5	6.789693089978204E-6
11.5	1.0820863800380387E-5	6.700729244744669E-6
11.600000000000001	1.0990561202364685E-5	6.611781809394203E-6
11.700000000000001	1.1215620581788133E-5	6.649289967401297E-6
11.8	1.136843281373793E-5	6.5494501124598415E-6
11.9	1.1365215848119858E-5	6.587673954726106E-6
12.0	1.1699764699484268E-5	6.347046938450785E-6
12.100000000000001	1.1690363490005115E-5	6.339690292142093E-6
12.200000000000001	1.1728462364284717E-5	6.462532189693529E-6
12.3	1.1708983248873838E-5	6.6392746653929335E-6
12.4	1.159526843839515E-5	7.016620052179345E-6
12.5	1.1782349091180249E-5	7.125505673669842E-6
12.600000000000001	1.1769986863445097E-5	7.053789498585412E-6
12.700000000000001	1.1595104630332752E-5	7.130879077663461E-6
12.8	1.1432143602614163E-5	7.025715144867988E-6
12.9	1.1353588769521734E-5	7.017536464376286E-6
13.0	1.1494546442313723E-5	7.020546638305544E-6
13.100000000000001	1.1754359267050737E-5	7.004816981824754E-6
13.200000000000001	1.1934998341319544E-5	6.951487439504756E-6
13.3	1.20503202523794E-5	7.0128877783560034E-6
13.4	1.1911164571125575E-5	6.621075690695451E-6
13.5	1.1976641226281642E-5	6.735554115431273E-6
13.600000000000001	1.196392384487594E-5	6.653387638342895E-6
13.700000000000001	1.2215342657539235E-5	6.477789491172289E-6
13.8	1.2117989960190035E-5	6.288380846827631E-6
13.9	1.2126113365118012E-5	6.104427517509656E-6
14.0	1.1909135528195916E-5	6.080734682517005E-6
14.100000000000001	1.1935728207486451E-5	6.215079540244607E-6
14.200000000000001	1.184555594718381E-5	6.152255138476997E-6
14.3	1.1702531622316777E-5	6.149623716849905E-6
14.4	1.1548306574656353E-5	6.1837647672521555E-6
14.5	1.1640337783242224E-5	6.181538375467343E-6
14.600000000000001	1.1401956660400801E-5	5.978285193768499E-6
14.700000000000001	1.1321242322216169E-5	6.033827377222935E-6
14.8	1.1152645718314495E-5	6.1329683376637615E-6
14.9	1.136591403388881E-5	6.234546297924061E-6
15.0	1.1411734235086694E-5	6.394758918564338E-6
15.100000000000001	1.1299260383502664E-5	6.368965595525901E-6
15.200000000000001	1.132211942001922E-5	6.209906526000741E-6
15.3	1.1410330509489901E-5	6.139816897779337E-6
15.4	1.1305159803300375E-5	6.175007943006022E-6
15.5	1.1376217040170708E-5	6.073745555205769E-6
15.600000000000001	1.1316804573226448E-5	5.925274393843139E-6
15.700000000000001	1.1479275833483668E-5	6.031341310554198E-6
15.8	1.1447737278250191E-5	5.9391299884903105E-6
15.9	1.1517825224487579E-5	5.858027323970842E-6
16.0	1.1438651509213821E-5	6.067905050794957E-6
16.1	1.1254236409982618E-5	5.902447563148396E-6
16.2	1.1099938573538798E-5	5.74548396267998E-6
16.3	1.099920168174734E-5	5.694173004837371E-6
16.400000000000002	1.1032597075245547E-5	5.595173876704145E-6
16.5	1.1171949965394419E-5	5.595836929922385E-6
16.6	1.1243262689884446E-5	5.535531656333115E-6
16.7	1.1231839215448525E-5	5.315729563927367E-6
16.8	1.1016738814908555E-5	4.978063939168815E-6
16.900000000000002	1.1019720617351426E-5	4.97139654049458E-6
17.0	1.0897754373641158E-5	4.930530393450197E-6
17.1	1.0685367365818257E-5	4.918105498659982E-6
17.2	1.0618482295016904E-5	5.141066622466289E-6
17.3	1.0425142292004449E-5	4.9470153125778915E-6
17.400000000000002	1.0270813073247878E-5	4.900759613473434E-6
17.5	9.867496858920637E-6	5.062650401024416E-6
17.6	9.863812677043909E-6	5.058372798326224E-6
17.7	9.635718145125335E-6	4.874730746008501E-6
17.8	9.801126378652365E-6	4.9196398836612365E-6
17.900000000000002	9.700713777768497E-6	5.070482910770759E-6
18.0	9.867423127741678E-6	5.051975212429778E-6
18.1	9.964567579287072E-6	4.961601666396079E-6
18.2	1.0084808595143195E-5	4.7286803361727904E-6
18.3	9.922940158326242E-6	4.67050654925315E-6
18.400000000000002	1.001246516788291E-5	4.914347098657712E-6
18.5	1.001602111217947E-5	4.919092795927126E-6
18.6	1.0048530502712901E-5	5.027847897118895E-6
18.7	1.0043969583705226E-5	5.029752298665141E-6
18.8	1.0111094078419187E-5	4.904025281358129E-6
18.900000000000002	1.0106949178137246E-5	5.0699567911330284E-6
19.0	1.0196351861957175E-5	5.113601703407731E-6
19.1	1.0251238474805496E-5	4.873967619106306E-6
19.200000000000003	1.0156376465421983E-5	4.69962422425426E-6
19.3	1.0143771876902748E-5	4.705837523974367E-6
19.400000000000002	1.0029457738548686E-5	4.817462834131394E-6
19.5	9.81122532923815E-6	4.902032866002571E-6
19.6	9.896005567304587E-6	4.835222639820978E-6
19.700000000000003	9.956536918187568E-6	4.486251373475814E-6
19.8	9.970353894296891E-6	4.558045665015517E-6
19.900000000000002	9.931345630578984E-6	4.747732580779199E-6
20.0	9.96992789429118E-6	4.62918049039942E-6
20.1	9.8888139289249E-6	4.75834208935606E-6
20.200000000000003	9.749532433082823E-6	4.984985458319004E-6
20.3	9.752323772880201E-6	4.975574128954992E-6
20.400000000000002	9.649545901189238E-6	4.96525408931798E-6
20.5	9.606839826559854E-6	4.951123807333869E-6
20.6	9.56010200583175E-6	5.1225088049815586E-6
20.700000000000003	9.34180033380964E-6	4.9868686027361435E-6
20.8	9.440930102426146E-6	5.237841382294051E-6
20.900000000000002	9.438691567056964E-6	5.099060828173461E-6
21.0	9.430749246248854E-6	5.034623931923637E-6
21.1	9.432845955405641E-6	5.010596391443017E-6
21.200000000000003	9.465191021084135E-6	5.3142186185184505E-6
21.3	9.375890959971318E-6	5.363508678286456E-6
21.400000000000002	9.656560810037715E-6	5.129017356547295E-6
21.5	9.658740717128843E-6	5.12798513360095E-6
21.6	9.753313866922557E-6	5.146685359483576E-6
21.700000000000003	9.916099141150582E-6	5.008025234156443E-6
21.8	1.0024963221824775E-5	4.9604407279255055E-6
21.900000000000002	1.0283965172233737E-5	5.0447247418364645E-6
22.0	1.0200135543927357E-5	5.011565870391855E-6
22.1	1.0093468055347633E-5	5.115827463276935E-6
22.200000000000003	1.0098329405127934E-5	5.117790629063868E-6
22.3	1.0266905998612104E-5	5.242939412004205E-6
22.400000000000002	1.027313455042551E-5	5.237581270962889E-6
22.5	1.030983594121289E-5	5.326496779489232E-6
22.6	1.0525050408608025E-5	5.435195492374758E-6
22.700000000000003	1.050580808335872E-5	5.5613244917071315E-6
22.8	1.0330075591977798E-5	5.580301094898238E-6
22.900000000000002	1.03901942603701E-5	5.401955609440128E-6
23.0	1.0390533358346238E-5	5.401710867479621E-6
23.1	1.0497227504438341E-5	5.3426642987675825E-6
23.200000000000003	1.0615906669228288E-5	5.241986346149375E-6
23.3	1.0607792854496272E-5	5.237750818397988E-6
23.400000000000002	1.0688672323350946E-5	5.032681494898676E-6
23.5	1.0625992531102263E-5	5.050246853420701E-6
23.6	1.0567983693834155E-5	5.103229079616406E-6
23.700000000000003	1.0563357760607537E-5	5.065713507194564E-6
23.8	1.0565801870783747E-5	5.060360500011308E-6
23.900000000000002	1.0490697946753556E-5	4.835786769664138E-6
24.0	1.0406871293886163E-5	4.8243943433035625E-6
24.1	1.0387239162655338E-5	4.757673691583509E-6
24.200000000000003	1.036321034152034E-5	4.717963456173812E-6
24.3	1.0404276484927046E-5	4.7511499312700046E-6
24.400000000000002	1.0486259941642241E-5	4.6249075312362755E-6
24.5	1.0486001234428806E-5	4.616975780213112E-6
24.6	1.0687395814086972E-5	4.69354671688597E-6
24.700000000000003	1.08180430429974E-5	4.623324185526845E-6
24.8	1.0893011014474948E-5	4.609955599713474E-6
24.900000000000002	1.0809986500660922E-5	4.418741617765182E-6
25.0	1.0751465435729006E-5	4.245180007900842E-6
25.1	1.0775038927468654E-5	4.195189772760707E-6
25.200000000000003	1.0835521779269484E-5	4.144712029172215E-6
25.3	1.0837692335472126E-5	4.1429497370456255E-6
25.400000000000002	1.104406949055596E-5	4.037552662338408E-6
25.5	1.1101552400776157E-5	4.088049198379825E-6
25.6	1.1104304550344552E-5	4.097651598269653E-6
25.700000000000003	1.1118024927779124E-5	4.135884093175347E-6
25.8	1.09755921241842E-5	4.182078683162648E-6
25.900000000000002	1.0966732480052886E-5	4.191380472527423E-6
26.0	1.0942088077273039E-5	4.173519211746038E-6
26.1	1.1030195477939528E-5	4.233474671887965E-6
26.200000000000003	1.1061437677884578E-5	4.4795323377238514E-6
26.3	1.1021618545006903E-5	4.576561052812026E-6
26.400000000000002	1.0947959134844906E-5	4.69231572938394E-6
26.5	1.1005862703329103E-5	4.674341801450797E-6
26.6	1.1010142858708395E-5	4.670878184361745E-6
26.700000000000003	1.1143005538979884E-5	4.554679916491297E-6
26.8	1.1074769253508524E-5	4.650564715648217E-6
26.900000000000002	1.1131221970746138E-5	4.6535780872699355E-6
27.0	1.1127212891653264E-5	4.6269229300664265E-6
27.1	1.1125381683890703E-5	4.617525831203585E-6
27.200000000000003	1.1045673083638474E-5	4.509291673239865E-6
27.3	1.0893241126645844E-5	4.395793639702216E-6
27.400000000000002	1.0942004522685094E-5	4.578361053659503E-6
27.5	1.1038763488566224E-5	4.699088960718546E-6
27.6	1.103659949557421E-5	4.694597811144618E-6
27.700000000000003	1.114403655270896E-5	4.514738376515764E-6
27.8	1.0905213489967239E-5	4.64515300567307E-6
27.900000000000002	1.0721952706854272E-5	4.856282560641564E-6
28.0	1.0740234303002932E-5	4.801244801363961E-6
28.1	1.0742996646652055E-5	4.7940959554721635E-6
28.200000000000003	1.0777787049395683E-5	4.916564518831127E-6
28.3	1.0658618814231328E-5	4.979505146149415E-6
28.400000000000002	1.0596009442395187E-5	5.13811953639826E-6
28.5	1.0589533179856802E-5	5.130133130137953E-6
28.6	1.0586145453536615E-5	5.130481904526981E-6
28.700000000000003	1.0719887101722087E-5	5.136719698596718E-6
28.8	1.0834070640990038E-5	5.256331948615902E-6
28.900000000000002	1.0708443832898846E-5	5.21185863523935E-6
29.0	1.0671408769652797E-5	5.191999834539036E-6
29.1	1.0563130451339272E-5	5.262734544770215E-6
29.200000000000003	1.0565874728717829E-5	5.254905890844185E-6
29.3	1.0347788332980771E-5	5.143589214467139E-6
29.400000000000002	1.0257796855519327E-5	5.0238549806333384E-6
29.5	1.0214013195089445E-5	5.183573307780479E-6
29.6	1.033515879641888E-5	5.166970371043729E-6
29.700000000000003	1.0170173818289419E-5	5.237500146136736E-6
29.8	1.0138826662379009E-5	5.193757049889007E-6
29.900000000000002	9.891015519695227E-6	5.095028170442739E-6
30.0	9.7568376785686E-6	4.9675718486403485E-6
30.1	9.843390244750591E-6	4.998886165039415E-6
30.200000000000003	9.928983875044584E-6	4.977657928243729E-6
30.3	1.0072182870832397E-5	5.011910840986632E-6
30.400000000000002	1.0052338898132184E-5	5.007051456052999E-6
30.5	1.01341649242278E-5	4.878036925929728E-6
30.6	9.99358666003093E-6	4.926670869530914E-6
30.700000000000003	9.821981139841253E-6	5.07836360467072E-6
30.8	9.827102874609607E-6	5.070029131834749E-6
30.900000000000002	9.545499340650464E-6	4.996116651202313E-6
31.0	9.699199605536631E-6	5.107314727009289E-6
31.1	9.629623238892236E-6	5.1957672999182645E-6
31.200000000000003	9.528391950195188E-6	5.162029455158096E-6
31.3	9.628769851836512E-6	5.246684877527476E-6
31.400000000000002	9.836661200415842E-6	5.217112430130538E-6
31.5	9.671037798925098E-6	5.101434669176247E-6
31.6	9.631071799705365E-6	5.111075877894275E-6
31.700000000000003	9.660820412750965E-6	5.2615417863961515E-6
31.8	9.565528838137399E-6	5.418809342239476E-6
31.900000000000002	9.429404185492435E-6	5.297072123783681E-6
32.0	9.299556424184926E-6	5.33221183820889E-6
32.1	9.4447102232729E-6	5.649958981622187E-6
32.2	9.41150919898021E-6	5.581437706111542E-6
32.300000000000004	9.180099418987742E-6	5.611152092205025E-6
32.4	9.07497899867692E-6	5.592755648323682E-6
32.5	8.908370714900994E-6	5.594689707710629E-6
32.6	9.000215533572959E-6	5.589245030912522E-6
32.7	8.88573926029362E-6	5.3767947583411906E-6
32.800000000000004	9.081690676180551E-6	5.229681181628543E-6
32.9	9.118851022336473E-6	5.149454624261181E-6
33.0	9.275432519800115E-6	5.0993855445282994E-6
